0.0078, 0.0042, 9.8070, 0.0001, -0.0020, 0.0008 
-0.0030, -0.0048, 9.7968, 0.0008, 0.0005, 0.0003 
-0.0060, -0.0018, 9.8088, 0.0016, -0.0008, 0.0005 
-0.0060, -0.0006, 9.8022, 0.0000, -0.0008, 0.0003 
-0.0090, -0.0024, 9.8004, -0.0005, 0.0000, 0.0008 
-0.0006, 0.0024, 9.7782, -0.0003, -0.0003, 0.0012 
-0.0036, -0.0012, 9.7956, -0.0007, 0.0015, 0.0011 
0.0018, -0.0012, 9.7728, 0.0001, -0.0025, -0.0005 
-0.0096, -0.0048, 9.8225, 0.0005, 0.0000, 0.0008 
0.0060, 0.0006, 9.7932, -0.0003, -0.0049, 0.0004 
-0.0072, -0.0114, 9.8207, -0.0013, -0.0007, 0.0015 
0.0102, -0.0030, 9.7962, 0.0011, -0.0063, 0.0001 
0.0012, -0.0060, 9.8195, -0.0011, -0.0036, 0.0004 
0.0036, -0.0060, 9.7986, -0.0019, -0.0040, 0.0009 
0.0096, -0.0072, 9.7908, -0.0007, -0.0048, 0.0003 
0.0084, 0.0078, 9.7968, -0.0011, 0.0015, 0.0013 
0.0120, 0.0066, 9.7854, -0.0033, 0.0031, 0.0013 
-0.0006, -0.0030, 9.7908, -0.0019, 0.0059, 0.0007 
0.0096, 0.0006, 9.7950, 0.0001, 0.0016, 0.0011 
0.0024, -0.0036, 9.8040, -0.0007, 0.0037, 0.0007 
0.0078, -0.0072, 9.8076, -0.0013, 0.0011, 0.0004 
0.0078, -0.0048, 9.7896, -0.0011, 0.0004, 0.0009 
0.0030, -0.0114, 9.7974, -0.0003, 0.0013, 0.0012 
0.0030, -0.0078, 9.8183, 0.0007, -0.0013, 0.0001 
-0.0048, -0.0048, 9.8237, -0.0009, -0.0013, 0.0011 
-0.0132, -0.0090, 9.8249, 0.0017, -0.0067, 0.0007 
-0.0168, -0.0108, 9.8105, 0.0024, -0.0169, 0.0001 
-0.0102, -0.0120, 9.8279, 0.0037, -0.0234, -0.0020 
0.0048, -0.0126, 9.8183, 0.0023, -0.0221, -0.0051 
0.0030, -0.0174, 9.7836, 0.0017, -0.0222, -0.0063 
-0.0365, -0.0287, 9.7932, 0.0033, -0.0230, -0.0088 
-0.3490, -0.1748, 9.8171, 0.0035, -0.0197, -0.0276 
-1.2421, -0.6028, 9.7381, -0.0027, 0.0041, -0.1410 
-1.6695, -0.7704, 9.6992, 0.0057, 0.0220, -0.4065 
-1.5306, -0.6519, 9.7351, 0.0217, 0.0107, -0.6550 
-1.0984, -0.3262, 9.7615, 0.0284, 0.0115, -0.8225 
-0.6112, -0.0162, 9.7710, 0.0325, 0.0113, -0.9249 
-0.2562, 0.1706, 9.7950, 0.0320, 0.0113, -0.9899 
-0.0641, 0.2502, 9.8369, 0.0297, 0.0059, -1.0395 
-0.0257, 0.2400, 9.7824, 0.0288, -0.0017, -1.1001 
-0.1616, 0.1305, 9.7674, 0.0309, 0.0051, -1.1843 
-0.3412, 0.0233, 9.8010, 0.0437, -0.0053, -1.3047 
-0.4412, -0.0964, 9.7872, 0.0461, -0.0214, -1.4608 
-0.4849, -0.1706, 9.7842, 0.0397, -0.0009, -1.6446 
-0.3927, -0.1987, 9.8046, 0.0385, -0.0025, -1.8210 
-0.2017, -0.1969, 9.8291, 0.0357, -0.0161, -1.9671 
0.5836, -0.1431, 9.7082, 0.0204, 0.0039, -2.0518 
2.5674, 0.2526, 9.7668, -0.0297, 0.1999, -1.8822 
2.3513, 0.1107, 9.9823, -0.0158, 0.2213, -1.2568 
1.0889, -0.4364, 9.9488, -0.0073, -0.0779, -0.4175 
-0.0180, -0.7530, 9.8099, -0.0008, -0.0610, -0.3484 
-0.5304, -0.7105, 9.8159, -0.0145, -0.0482, -0.3300 
-0.5657, -0.4903, 10.1535, -0.0478, -0.1447, -0.3037 
-0.3789, -0.1664, 10.4193, -0.1085, -0.1820, -0.2867 
-0.3280, 0.0401, 10.5079, -0.1573, -0.1804, -0.2983 
-0.3340, 0.1694, 10.5331, -0.1951, -0.2005, -0.3163 
-0.2724, 0.1939, 10.5857, -0.2280, -0.2470, -0.3306 
-0.2071, 0.1688, 10.4995, -0.2503, -0.2575, -0.3521 
-0.6160, -0.2029, 10.0733, -0.2622, -0.2119, -0.4148 
-0.7788, -0.2520, 10.1182, -0.2693, -0.1703, -0.5096 
-0.7219, -0.0347, 10.3690, -0.2856, -0.1771, -0.5786 
-0.5046, 0.2658, 10.6959, -0.3257, -0.2404, -0.5850 
-0.2801, 0.5950, 11.0377, -0.3879, -0.3638, -0.5405 
0.2065, 0.7171, 10.6235, -0.4397, -0.5201, -0.4587 
0.4118, 0.5974, 10.5953, -0.4362, -0.3714, -0.3774 
0.4555, 0.4316, 10.6157, -0.4509, -0.3001, -0.3264 
0.4819, 0.2760, 10.7019, -0.4071, -0.4705, -0.2728 
0.5555, -0.0060, 10.8048, -0.3466, -0.7622, -0.2141 
0.6854, -0.4783, 10.8395, -0.2979, -1.0283, -0.1663 
0.8207, -1.0075, 10.7982, -0.2718, -1.2070, -0.1344 
0.9913, -1.3888, 10.6923, -0.2613, -1.3175, -0.1129 
1.1344, -1.5061, 10.5714, -0.2534, -1.4027, -0.0935 
1.1667, -1.4067, 10.5576, -0.2474, -1.4685, -0.0812 
1.1008, -1.1008, 10.6743, -0.2602, -1.5006, -0.0929 
0.9757, -0.6249, 10.8713, -0.3136, -1.4821, -0.1285 
0.8386, -0.0676, 11.1041, -0.4065, -1.4344, -0.1714 
0.7417, 0.4855, 11.3717, -0.5151, -1.3750, -0.2021 
0.7423, 0.9620, 11.5615, -0.6341, -1.3190, -0.2013 
0.8051, 1.2343, 11.6890, -0.7514, -1.2656, -0.1569 
0.8422, 1.2876, 11.6680, -0.8533, -1.2332, -0.0735 
0.8817, 1.1535, 11.5064, -0.9255, -1.2433, 0.0232 
0.9787, 0.8524, 11.1496, -0.9628, -1.2820, 0.0923 
1.0601, 0.3975, 10.6276, -0.9743, -1.3147, 0.1289 
1.0937, -0.1179, 10.0153, -0.9580, -1.3300, 0.1474 
1.1601, -0.6249, 9.4244, -0.9083, -1.3479, 0.1570 
1.2415, -1.0110, 9.0108, -0.8307, -1.3781, 0.1699 
1.3774, -1.1882, 8.8606, -0.7388, -1.4378, 0.1952 
1.5492, -1.1547, 9.0084, -0.6386, -1.5507, 0.2420 
1.6988, -0.9542, 9.4705, -0.5405, -1.7435, 0.3123 
1.8072, -0.6668, 10.1218, -0.4558, -2.0090, 0.3944 
1.9167, -0.3556, 10.7659, -0.4041, -2.2980, 0.4794 
2.0371, -0.1018, 11.2586, -0.3928, -2.5603, 0.5633 
2.1568, 0.0144, 11.5196, -0.4143, -2.7796, 0.6473 
2.2238, -0.0204, 11.5950, -0.4445, -2.9573, 0.7276 
2.2035, -0.2239, 11.5160, -0.4658, -3.1188, 0.7962 
2.0861, -0.5711, 11.2933, -0.4746, -3.2811, 0.8466 
1.8533, -1.0021, 10.9928, -0.4577, -3.4394, 0.8782 
1.5606, -1.4193, 10.6462, -0.4145, -3.6271, 0.8842 
1.4241, -1.6791, 10.3188, -0.3506, -3.8284, 0.8691 
1.5276, -1.7719, 10.0314, -0.2842, -3.9827, 0.8585 
1.7665, -1.7354, 9.7812, -0.2288, -4.0792, 0.8762 
2.0317, -1.6743, 9.5142, -0.1902, -4.1172, 0.9164 
2.2328, -1.6360, 9.2939, -0.1690, -4.0760, 0.9570 
2.4118, -1.5839, 9.0755, -0.1772, -3.9837, 0.9854 
2.5962, -1.5217, 8.8408, -0.1969, -3.8432, 1.0028 
2.7572, -1.4552, 8.5601, -0.2132, -3.6838, 1.0092 
2.9781, -1.3594, 8.2961, -0.2273, -3.4950, 1.0066 
3.3468, -1.2391, 8.0195, -0.2445, -3.2943, 1.0098 
3.8323, -1.1463, 7.7885, -0.2529, -3.0811, 1.0337 
4.2914, -1.1002, 7.6029, -0.2498, -2.8760, 1.0811 
4.7434, -1.0691, 7.4658, -0.2388, -2.6972, 1.1427 
5.2809, -1.0601, 7.3611, -0.2173, -2.5606, 1.2136 
5.8789, -1.0350, 7.2635, -0.1830, -2.4748, 1.2969 
6.4206, -1.0595, 7.1066, -0.1420, -2.4240, 1.4110 
6.8474, -1.1649, 6.8965, -0.0937, -2.3655, 1.5363 
7.0444, -1.3660, 6.7403, -0.0269, -2.3211, 1.6458 
7.0558, -1.6605, 6.5823, 0.0490, -2.3530, 1.7247 
6.9767, -2.0113, 6.2842, 0.1277, -2.4064, 1.7732 
6.7140, -2.3483, 5.9424, 0.2131, -2.4080, 1.7810 
6.2866, -2.6626, 5.4659, 0.2832, -2.3544, 1.7509 
5.6670, -2.9505, 5.0798, 0.3452, -2.2113, 1.6644 
4.8966, -3.1822, 4.9080, 0.3854, -2.0259, 1.5107 
4.1950, -3.3696, 4.8846, 0.3948, -1.8522, 1.2915 
3.7455, -3.4192, 5.0259, 0.3876, -1.6772, 1.0236 
3.6641, -3.3001, 5.2839, 0.3614, -1.5002, 0.7601 
3.8969, -2.9978, 5.6897, 0.3183, -1.2915, 0.5421 
4.3507, -2.5944, 6.1597, 0.2493, -1.0786, 0.4014 
4.8816, -2.1729, 6.6643, 0.1716, -0.8751, 0.3326 
5.3150, -1.7485, 7.2808, 0.0988, -0.6954, 0.3061 
5.6628, -1.3918, 7.7950, 0.0115, -0.5727, 0.3104 
5.9579, -1.0847, 8.2177, -0.0727, -0.4693, 0.3264 
6.1914, -0.8530, 8.4763, -0.1514, -0.4157, 0.3593 
6.4003, -0.7093, 8.4918, -0.2091, -0.3983, 0.4025 
6.5236, -0.6555, 8.4451, -0.2304, -0.3698, 0.4453 
6.6248, -0.6932, 8.1734, -0.2370, -0.3674, 0.4970 
6.6445, -0.7926, 7.7513, -0.2221, -0.3477, 0.5476 
6.6044, -0.8925, 7.2090, -0.1872, -0.2948, 0.5870 
6.5284, -0.9961, 6.6691, -0.1380, -0.2012, 0.6171 
6.3817, -1.1505, 6.2249, -0.0695, -0.0987, 0.6382 
6.2255, -1.3157, 5.9549, 0.0358, -0.0634, 0.6454 
6.1148, -1.4947, 5.8514, 0.1654, -0.1084, 0.6449 
6.0717, -1.6593, 5.8137, 0.3025, -0.1827, 0.6430 
6.0729, -1.7348, 5.7861, 0.4228, -0.2401, 0.6414 
5.9723, -1.7102, 5.9094, 0.5212, -0.2643, 0.6366 
5.6802, -1.5235, 6.1525, 0.5990, -0.3137, 0.6060 
5.4240, -1.6318, 6.8175, 0.6703, -0.4436, 0.5490 
5.3366, -1.8928, 7.6873, 0.6783, -0.5874, 0.5047 
5.2689, -1.8551, 8.5846, 0.6193, -0.6052, 0.4434 
5.5120, -1.6085, 9.0395, 0.5020, -0.5761, 0.3871 
5.4731, -1.3475, 9.0282, 0.3754, -0.5307, 0.3513 
5.0558, -1.2589, 9.0246, 0.2954, -0.5506, 0.2868 
4.7966, -1.3942, 9.1186, 0.2185, -0.5763, 0.1843 
4.7499, -1.6539, 9.1335, 0.1021, -0.4843, 0.0675 
5.0606, -1.9102, 8.9270, -0.0485, -0.2800, -0.0277 
5.7688, -2.1041, 8.5511, -0.1887, -0.0388, -0.0545 
6.6421, -2.2059, 8.1339, -0.2866, 0.1808, -0.0005 
7.2437, -2.2244, 7.6825, -0.3673, 0.4029, 0.0925 
7.5311, -2.1544, 7.2641, -0.4473, 0.6416, 0.1755 
7.6562, -2.0227, 6.9468, -0.5145, 0.8633, 0.2414 
7.5867, -1.8820, 6.7565, -0.5489, 1.0514, 0.2997 
7.3640, -1.7994, 6.7684, -0.5432, 1.1525, 0.3494 
7.1426, -1.8635, 7.0342, -0.5141, 1.1503, 0.3914 
6.8666, -2.0556, 7.5191, -0.4737, 1.0332, 0.4320 
6.5410, -2.2980, 8.1129, -0.4164, 0.7734, 0.4662 
6.3482, -2.4788, 8.6493, -0.3445, 0.4067, 0.4988 
6.4847, -2.5070, 8.9581, -0.2816, 0.0300, 0.5410 
6.8684, -2.2190, 8.9797, -0.2320, -0.2997, 0.6149 
7.2874, -1.9963, 8.7851, -0.1887, -0.5414, 0.7187 
7.5855, -1.9532, 8.4014, -0.1458, -0.6947, 0.9690 
7.7555, -2.2310, 7.9603, -0.1381, -0.6116, 1.1372 
7.4562, -2.7961, 7.6047, -0.1083, -0.5477, 1.2673 
6.7134, -3.4635, 7.3988, -0.0470, -0.5745, 1.3124 
5.8556, -4.0077, 7.2814, 0.0329, -0.6807, 1.2843 
5.1797, -4.1956, 7.2880, 0.1096, -0.8482, 1.2266 
4.8212, -4.0573, 7.4341, 0.1776, -1.0726, 1.1618 
4.7326, -3.7916, 7.6765, 0.2357, -1.3202, 1.0913 
4.8349, -3.5312, 7.9627, 0.2723, -1.5685, 1.0119 
5.4108, -3.0571, 8.3057, 0.2775, -1.7844, 0.9420 
5.8011, -2.9230, 8.2039, 0.2606, -1.9367, 0.8875 
6.2339, -2.9320, 7.8812, 0.2309, -1.9858, 0.8438 
6.6751, -3.0744, 7.3485, 0.1956, -1.9025, 0.7996 
7.1102, -3.2690, 6.7403, 0.1598, -1.6687, 0.7468 
7.4886, -3.4318, 6.3159, 0.1396, -1.3100, 0.6597 
7.7711, -3.5587, 6.3303, 0.1361, -0.9437, 0.5211 
7.9824, -3.6150, 6.6475, 0.1378, -0.7116, 0.3336 
8.1039, -3.6174, 7.0366, 0.1376, -0.6526, 0.1124 
8.1309, -3.6192, 7.3617, 0.1439, -0.7227, -0.1447 
8.0949, -3.6419, 7.5448, 0.1543, -0.8417, -0.4373 
8.0566, -3.6353, 7.5777, 0.1688, -0.9453, -0.7536 
8.0405, -3.5390, 7.4909, 0.1799, -0.9901, -1.0645 
8.0081, -3.3965, 7.3431, 0.1891, -0.9548, -1.3385 
7.9225, -3.2349, 7.1342, 0.1939, -0.8476, -1.5604 
7.7867, -3.0493, 6.9474, 0.2001, -0.6843, -1.7205 
7.6149, -2.8416, 6.8588, 0.2105, -0.5059, -1.8087 
7.3533, -2.6333, 6.9468, 0.2232, -0.3614, -1.8249 
6.9779, -2.4172, 7.1958, 0.2272, -0.2991, -1.7890 
6.5679, -2.1616, 7.5287, 0.2289, -0.3589, -1.7211 
6.2686, -1.8671, 7.8106, 0.2298, -0.5272, -1.6343 
6.1279, -1.5929, 7.8974, 0.2374, -0.7412, -1.5260 
6.1285, -1.4295, 7.7172, 0.2639, -0.9128, -1.3921 
6.1782, -1.4265, 7.3389, 0.3197, -0.9801, -1.2439 
6.2297, -1.5229, 6.9115, 0.3959, -0.9126, -1.1051 
6.2668, -1.6222, 6.5194, 0.4838, -0.7494, -0.9873 
6.2925, -1.7060, 6.2123, 0.5795, -0.5440, -0.8966 
6.3183, -1.7240, 6.0214, 0.6707, -0.3426, -0.8307 
6.2830, -1.6659, 6.0471, 0.7494, -0.1944, -0.7838 
6.2045, -1.5229, 6.3386, 0.8044, -0.1555, -0.7569 
6.1531, -1.3283, 6.7164, 0.8205, -0.2625, -0.7448 
6.1579, -1.1350, 6.9761, 0.8015, -0.4721, -0.7373 
6.2213, -0.9715, 7.0606, 0.7598, -0.6936, -0.7280 
6.3177, -0.8530, 6.9767, 0.7022, -0.8480, -0.7173 
6.4362, -0.7686, 6.7086, 0.6333, -0.8980, -0.7046 
6.5643, -0.7249, 6.3063, 0.5659, -0.8177, -0.6846 
6.6589, -0.6974, 5.9256, 0.5064, -0.6207, -0.6521 
6.6828, -0.6603, 5.6844, 0.4510, -0.3706, -0.6062 
6.6415, -0.6052, 5.5880, 0.4018, -0.1425, -0.5460 
6.5655, -0.5603, 5.5557, 0.3594, 0.0196, -0.4746 
6.5021, -0.5687, 5.4719, 0.3256, 0.1266, -0.3966 
6.4266, -0.6471, 5.2881, 0.2970, 0.2478, -0.3173 
6.3123, -0.7542, 5.1079, 0.2738, 0.4156, -0.2450 
6.1890, -0.8153, 5.0750, 0.2575, 0.5771, -0.1795 
6.1231, -0.8027, 5.2061, 0.2354, 0.6777, -0.1147 
6.1489, -0.7369, 5.3779, 0.1975, 0.7023, -0.0394 
6.2249, -0.6932, 5.5335, 0.1417, 0.6843, 0.0478 
6.3063, -0.6890, 5.6963, 0.0790, 0.6558, 0.1380 
6.3422, -0.6860, 6.0148, 0.0107, 0.5900, 0.2135 
6.3243, -0.6537, 6.5080, -0.0656, 0.4350, 0.2663 
6.3877, -0.6124, 6.8792, -0.1566, 0.1911, 0.2946 
6.5242, -0.6555, 6.8750, -0.2384, -0.0378, 0.3000 
6.6804, -0.8315, 6.5434, -0.2823, -0.1125, 0.2783 
6.8367, -1.0601, 6.0812, -0.2776, 0.0213, 0.2294 
6.9342, -1.2672, 5.7382, -0.2282, 0.3155, 0.1642 
6.9534, -1.4151, 5.6341, -0.1522, 0.6675, 0.0969 
6.9121, -1.5001, 5.7807, -0.0642, 0.9630, 0.0409 
6.8397, -1.5546, 6.1243, 0.0296, 1.1270, 0.0027 
6.7678, -1.5971, 6.5332, 0.1238, 1.1480, -0.0141 
6.6936, -1.6312, 6.9097, 0.2127, 1.0569, -0.0188 
6.6343, -1.6408, 7.2030, 0.2999, 0.8879, -0.0189 
6.6032, -1.6318, 7.3832, 0.3749, 0.6838, -0.0120 
6.6092, -1.5815, 7.4694, 0.4251, 0.4932, -0.0045 
6.6451, -1.4702, 7.5167, 0.4413, 0.3436, 0.0036 
6.7020, -1.3169, 7.5149, 0.4237, 0.2286, 0.0164 
6.7960, -1.1990, 7.2389, 0.3814, 0.1746, 0.0281 
6.9360, -1.1906, 6.6337, 0.3398, 0.2756, 0.0345 
7.0336, -1.2661, 5.9448, 0.3151, 0.5882, 0.0369 
7.0695, -1.3151, 5.4623, 0.3091, 1.0372, 0.0390 
7.0019, -1.2972, 5.2911, 0.3087, 1.4881, 0.0525 
6.8421, -1.2451, 5.4168, 0.3009, 1.8312, 0.0843 
6.6685, -1.1799, 5.7059, 0.2811, 2.0218, 0.1241 
6.5260, -1.1385, 5.9537, 0.2470, 2.0944, 0.1695 
6.4410, -1.1290, 6.0693, 0.2067, 2.1354, 0.2123 
6.4332, -1.1230, 6.0968, 0.1670, 2.2093, 0.2561 
6.4685, -1.1080, 6.1507, 0.1268, 2.3226, 0.3073 
6.4835, -1.0895, 6.3177, 0.0822, 2.4382, 0.3669 
6.4655, -1.0529, 6.5164, 0.0234, 2.5278, 0.4255 
6.3949, -1.0206, 6.7104, -0.0445, 2.5913, 0.4741 
6.2423, -1.0242, 6.9726, -0.1120, 2.6189, 0.5018 
5.9956, -1.0655, 7.3132, -0.1681, 2.5740, 0.5032 
5.6874, -1.1451, 7.7172, -0.2160, 2.4228, 0.4690 
5.3605, -1.2194, 8.0183, -0.2594, 2.1749, 0.4025 
5.1277, -1.2756, 7.9686, -0.2904, 1.9222, 0.3127 
5.1300, -1.3576, 8.0147, -0.3204, 1.7663, 0.2234 
5.3461, -1.3792, 7.8076, -0.3641, 1.7093, 0.1665 
5.6371, -1.3145, 7.6825, -0.4135, 1.8107, 0.1418 
5.7406, -1.2816, 7.8938, -0.4690, 1.9424, 0.1449 
5.5922, -1.3313, 8.3027, -0.5301, 1.9480, 0.1514 
5.3018, -1.4648, 8.6816, -0.5781, 1.7906, 0.1292 
5.0181, -1.6533, 8.9144, -0.5896, 1.5290, 0.0670 
4.8475, -1.8772, 9.0054, -0.5615, 1.2520, -0.0214 
4.8194, -2.0736, 9.0132, -0.5054, 1.0439, -0.1119 
4.9289, -2.1699, 8.9492, -0.4292, 0.9221, -0.1819 
5.1205, -2.1981, 8.8612, -0.3308, 0.8810, -0.2192 
5.2665, -2.2005, 8.8043, -0.2179, 0.9036, -0.2204 
5.3156, -2.1855, 8.8546, -0.1092, 0.9660, -0.1999 
5.2779, -2.1394, 9.0108, -0.0138, 1.0196, -0.1723 
5.1851, -2.0688, 9.1736, 0.0663, 1.0337, -0.1469 
5.0828, -1.9928, 9.3394, 0.1357, 1.0072, -0.1253 
4.9900, -1.9102, 9.4502, 0.1967, 0.9574, -0.1063 
4.8984, -1.8222, 9.5011, 0.2511, 0.9064, -0.0891 
4.8355, -1.7521, 9.4681, 0.3032, 0.8699, -0.0774 
4.7667, -1.7174, 9.3634, 0.3591, 0.8669, -0.0691 
4.6961, -1.6875, 9.1718, 0.4252, 0.9199, -0.0675 
4.6338, -1.6629, 8.9593, 0.5002, 1.0359, -0.0695 
4.5721, -1.6240, 8.8115, 0.5782, 1.1986, -0.0648 
4.4967, -1.5630, 8.7157, 0.6540, 1.3766, -0.0463 
4.3956, -1.4732, 8.6774, 0.7195, 1.5481, -0.0174 
4.2585, -1.3828, 8.6720, 0.7729, 1.7010, 0.0165 
4.1334, -1.3074, 8.6552, 0.8245, 1.8314, 0.0522 
4.0867, -1.2493, 8.6241, 0.8713, 1.9466, 0.0928 
4.0741, -1.2110, 8.6481, 0.9140, 2.0368, 0.1506 
4.0268, -1.2038, 8.7522, 0.9566, 2.0696, 0.2948 
3.9855, -1.2253, 8.8959, 0.9472, 2.0253, 0.3464 
3.9670, -1.2756, 8.9833, 0.9202, 1.9968, 0.3722 
4.0065, -1.3397, 9.0108, 0.8807, 2.0034, 0.3751 
4.0993, -1.3906, 9.0324, 0.8317, 2.0354, 0.3597 
4.2172, -1.4079, 9.0527, 0.7733, 2.0828, 0.3228 
4.2932, -1.4229, 9.0785, 0.7079, 2.1435, 0.2562 
4.3142, -1.4349, 9.1305, 0.6413, 2.2085, 0.1630 
4.2609, -1.4319, 9.2012, 0.5781, 2.2634, 0.0525 
4.0771, -1.3475, 9.3628, 0.5192, 2.3024, -0.0601 
3.9532, -1.2744, 9.4250, 0.4655, 2.3267, -0.1630 
3.8023, -1.2200, 9.4352, 0.4201, 2.3466, -0.2547 
3.6275, -1.1793, 9.3724, 0.3851, 2.3721, -0.3325 
3.4474, -1.1517, 9.2377, 0.3637, 2.4208, -0.3967 
3.3049, -1.1230, 9.0605, 0.3579, 2.5093, -0.4441 
3.1906, -1.0715, 8.8719, 0.3633, 2.6486, -0.4706 
3.0571, -1.0272, 8.7307, 0.3753, 2.8346, -0.4735 
2.8823, -0.9979, 8.6738, 0.3867, 3.0306, -0.4565 
2.6937, -1.0176, 8.6594, 0.3974, 3.2095, -0.4272 
2.4830, -1.0541, 8.6588, 0.4091, 3.3631, -0.3870 
2.2783, -1.0691, 8.6768, 0.4260, 3.4898, -0.3453 
2.0460, -1.0751, 8.7217, 0.4477, 3.5785, -0.3059 
1.7892, -1.0637, 8.8282, 0.4774, 3.6043, -0.2699 
1.5372, -1.0122, 8.9671, 0.5083, 3.5662, -0.2397 
1.2990, -0.9015, 9.1245, 0.5393, 3.4838, -0.2181 
1.0212, -0.7644, 9.3143, 0.5622, 3.3769, -0.2093 
0.7016, -0.6495, 9.4981, 0.5753, 3.2485, -0.2237 
0.4214, -0.5352, 9.6848, 0.5803, 3.0952, -0.2577 
0.2203, -0.4035, 9.8920, 0.5779, 2.9224, -0.2931 
0.0994, -0.2376, 10.0697, 0.5651, 2.7394, -0.3101 
-0.0120, -0.1066, 10.1476, 0.5362, 2.5707, -0.3068 
-0.1359, -0.0347, 10.1075, 0.5055, 2.4434, -0.2883 
-0.2616, 0.0066, 9.9716, 0.4794, 2.3635, -0.2587 
-0.3610, 0.0245, 9.7842, 0.4645, 2.3365, -0.2213 
-0.4400, 0.0383, 9.5555, 0.4609, 2.3652, -0.1700 
-0.4974, 0.0413, 9.3598, 0.4615, 2.4507, -0.1053 
-0.5459, 0.0425, 9.2143, 0.4638, 2.5735, -0.0257 
-0.5800, 0.0251, 9.0677, 0.4622, 2.7085, 0.0687 
-0.6267, -0.0329, 8.8809, 0.4615, 2.8489, 0.1727 
-0.7129, -0.1311, 8.6642, 0.4666, 3.0109, 0.2782 
-0.8446, -0.2353, 8.4954, 0.4815, 3.1915, 0.3725 
-1.0212, -0.3191, 8.4607, 0.4975, 3.3718, 0.4489 
-1.2601, -0.3472, 8.5966, 0.5023, 3.5207, 0.5092 
-1.5845, -0.3113, 8.8677, 0.4907, 3.5931, 0.5520 
-1.8431, -0.1730, 9.2640, 0.4637, 3.5485, 0.5809 
-2.1442, -0.0138, 9.6495, 0.4196, 3.3968, 0.6054 
-2.5219, 0.1556, 10.0314, 0.3707, 3.1386, 0.6092 
-2.4848, 0.3113, 10.3277, 0.3160, 2.8154, 0.6010 
-2.6913, 0.4232, 10.4606, 0.2453, 2.5385, 0.6086 
-2.9912, 0.4933, 10.4959, 0.2073, 2.2121, 0.5814 
-3.0996, 0.5244, 10.4313, 0.1993, 1.8484, 0.5253 
-3.0930, 0.5190, 10.2380, 0.1924, 1.5503, 0.4775 
-2.9984, 0.4609, 10.0326, 0.1786, 1.3700, 0.4444 
-2.8649, 0.3143, 9.8309, 0.1495, 1.2943, 0.4314 
-2.7566, 0.1401, 9.6010, 0.1103, 1.2982, 0.4337 
-2.6578, -0.0120, 9.3161, 0.0750, 1.3604, 0.4408 
-2.5471, -0.1395, 8.9809, 0.0598, 1.4597, 0.4536 
-2.4758, -0.2861, 8.6660, 0.0663, 1.5991, 0.4705 
-2.4974, -0.4645, 8.4266, 0.0830, 1.7704, 0.4818 
-2.6213, -0.6315, 8.3248, 0.0967, 1.9656, 0.4747 
-2.8093, -0.7135, 8.3877, 0.0979, 2.1560, 0.4445 
-2.9942, -0.6728, 8.5906, 0.0812, 2.3000, 0.3998 
-3.1912, -0.4897, 8.9138, 0.0501, 2.3757, 0.3519 
-3.4677, -0.2089, 9.3466, 0.0012, 2.3796, 0.3039 
-3.7574, 0.0958, 9.8267, -0.0622, 2.2921, 0.2478 
-4.0125, 0.3412, 10.2332, -0.1360, 2.1222, 0.1862 
-4.1980, 0.5340, 10.4415, -0.2091, 1.9139, 0.1273 
-4.2555, 0.5693, 10.4798, -0.2718, 1.7174, 0.0732 
-4.2633, 0.5076, 10.3619, -0.3085, 1.5368, 0.0409 
-4.2238, 0.4196, 10.1039, -0.3176, 1.3885, 0.0305 
-4.1394, 0.3370, 9.7710, -0.3008, 1.2830, 0.0376 
-4.0358, 0.2203, 9.3891, -0.2651, 1.2356, 0.0586 
-3.9394, 0.1107, 8.9821, -0.2127, 1.2461, 0.0907 
-3.8562, 0.0239, 8.6475, -0.1478, 1.3183, 0.1282 
-3.8413, -0.0299, 8.4715, -0.0806, 1.4140, 0.1629 
-3.8760, -0.0760, 8.5128, -0.0181, 1.4737, 0.1935 
-3.9364, -0.1137, 8.7408, 0.0276, 1.4682, 0.2177 
-4.0029, -0.1281, 9.0545, 0.0489, 1.4014, 0.2352 
-4.0921, -0.1239, 9.2975, 0.0497, 1.2974, 0.2445 
-4.2417, -0.1694, 9.3233, 0.0534, 1.1891, 0.2426 
-4.3549, -0.2556, 9.0928, 0.0858, 1.1127, 0.2357 
-4.4051, -0.3167, 8.7648, 0.1553, 1.1051, 0.2380 
-4.4219, -0.3568, 8.4775, 0.2421, 1.1609, 0.2638 
-4.4680, -0.3957, 8.3254, 0.3300, 1.2408, 0.3124 
-4.5775, -0.4298, 8.2961, 0.4018, 1.3063, 0.3661 
-4.7332, -0.4148, 8.3805, 0.4466, 1.3236, 0.4125 
-4.9098, -0.3508, 8.5086, 0.4693, 1.2854, 0.4406 
-5.0702, -0.2269, 8.6403, 0.4718, 1.2029, 0.4508 
-5.1971, -0.0676, 8.7408, 0.4601, 1.0901, 0.4442 
-5.2881, 0.0946, 8.8067, 0.4357, 0.9721, 0.4260 
-5.3240, 0.2412, 8.8540, 0.3992, 0.8520, 0.4000 
-5.3132, 0.3340, 8.8456, 0.3510, 0.7357, 0.3683 
-5.2995, 0.3598, 8.7702, 0.2939, 0.6477, 0.3341 
-5.3024, 0.3430, 8.6804, 0.2292, 0.5944, 0.2926 
-5.3114, 0.3077, 8.5900, 0.1562, 0.5709, 0.2368 
-5.3036, 0.2855, 8.4535, 0.0786, 0.5739, 0.1743 
-5.2773, 0.2586, 8.2356, 0.0083, 0.6185, 0.1140 
-5.2701, 0.2526, 8.0500, -0.0471, 0.7058, 0.0615 
-5.3246, 0.2580, 7.9872, -0.0866, 0.7960, 0.0170 
-5.4958, 0.2861, 8.1039, -0.1173, 0.8276, -0.0185 
-5.7616, 0.3532, 8.3936, -0.1418, 0.7441, -0.0598 
-6.0363, 0.4561, 8.7851, -0.1663, 0.5309, -0.1131 
-6.2692, 0.5842, 9.1581, -0.1949, 0.2131, -0.1691 
-6.4045, 0.6854, 9.4274, -0.2293, -0.1589, -0.2217 
-6.4254, 0.7046, 9.5496, -0.2697, -0.5243, -0.2618 
-6.3740, 0.6513, 9.4669, -0.3076, -0.8337, -0.2880 
-6.2967, 0.5573, 9.2850, -0.3352, -1.0697, -0.3019 
-6.2147, 0.4879, 9.1078, -0.3450, -1.2463, -0.3128 
-6.1225, 0.4555, 8.9946, -0.3448, -1.3860, -0.3239 
-6.0214, 0.4537, 8.8677, -0.3388, -1.4931, -0.3350 
-5.9058, 0.4615, 8.7019, -0.3250, -1.5484, -0.3486 
-5.8196, 0.4921, 8.5589, -0.3039, -1.5363, -0.3658 
-5.7951, 0.5441, 8.4996, -0.2713, -1.4814, -0.3910 
-5.8532, 0.6040, 8.5954, -0.2226, -1.4523, -0.4193 
-5.9801, 0.6986, 8.8438, -0.1627, -1.5145, -0.4513 
-6.1088, 0.7955, 9.1670, -0.1007, -1.6738, -0.4886 
-6.2399, 0.9003, 9.5232, -0.0489, -1.9059, -0.5276 
-6.3710, 0.9883, 9.8177, -0.0109, -2.1934, -0.5723 
-6.4147, 1.0512, 9.9506, 0.0240, -2.5193, -0.6205 
-6.3069, 1.0541, 9.8171, 0.0675, -2.8280, -0.6619 
-6.0699, 0.9715, 9.4400, 0.1920, -3.0904, -0.6886 
-5.7652, 0.7985, 8.9037, 0.2743, -2.9981, -0.6750 
-5.4515, 0.5477, 8.3470, 0.3697, -2.8161, -0.6488 
-5.1576, 0.2574, 7.8860, 0.4790, -2.6166, -0.6075 
-4.8523, -0.0287, 7.5921, 0.5880, -2.4387, -0.5454 
-4.5602, -0.2281, 7.5263, 0.6793, -2.3192, -0.4763 
-4.3716, -0.2640, 7.6927, 0.7417, -2.2948, -0.4215 
-4.2699, -0.1479, 8.0578, 0.7669, -2.3799, -0.3888 
-4.2555, 0.0353, 8.5613, 0.7513, -2.5817, -0.3864 
-4.5063, 0.4819, 9.6962, 0.6987, -2.8983, -0.4163 
-4.6422, 0.7800, 10.2427, 0.6112, -3.3143, -0.4689 
-4.6901, 1.0966, 10.7354, 0.4855, -3.8026, -0.5277 
-4.5650, 1.3570, 10.8659, 0.3256, -4.3073, -0.5733 
-4.3118, 1.4929, 10.5031, 0.1542, -4.3605, -0.5947 
-4.0011, 1.4833, 9.8375, 0.0044, -4.3605, -0.6006 
-3.6527, 1.3810, 9.1012, -0.1088, -4.3605, -0.5927 
-3.2558, 1.2517, 8.4200, -0.1906, -4.3605, -0.5701 
-2.8272, 1.1086, 7.8196, -0.2466, -4.1930, -0.5236 
-2.4082, 0.9584, 7.3515, -0.2816, -3.7614, -0.4492 
-2.0634, 0.8051, 7.1725, -0.3023, -3.3054, -0.3507 
-1.8521, 0.6836, 7.3138, -0.3195, -2.9088, -0.2412 
-1.7443, 0.6291, 7.6538, -0.3470, -2.6414, -0.1349 
-1.6629, 0.6339, 8.0489, -0.3850, -2.5177, -0.0398 
-1.5833, 0.6531, 8.4026, -0.4232, -2.5108, 0.0427 
-1.5366, 0.6579, 8.7480, -0.4599, -2.5924, 0.1131 
-1.5097, 0.6465, 9.0988, -0.4990, -2.7446, 0.1602 
-1.4899, 0.6603, 9.4125, -0.5468, -2.9633, 0.1863 
-1.4702, 0.7267, 9.6854, -0.5948, -3.2358, 0.1907 
-1.5223, 0.7770, 10.0650, -0.6414, -3.5706, 0.1739 
-1.5815, 0.7782, 10.4948, -0.7012, -3.9997, 0.1410 
-1.5145, 0.7656, 10.6953, -0.7798, -4.3605, 0.0983 
-1.2529, 0.7483, 10.5223, -0.8589, -4.3605, 0.0603 
-0.8518, 0.6836, 10.0608, -0.9167, -4.3605, 0.0397 
-0.4082, 0.5465, 9.4915, -0.9421, -4.3605, 0.0401 
0.0186, 0.3711, 9.0808, -0.9369, -4.3605, 0.0450 
0.4160, 0.1922, 8.9324, -0.9174, -4.3605, 0.0490 
0.7967, 0.0245, 8.9043, -0.8867, -4.3605, 0.0582 
1.1451, -0.1413, 8.9354, -0.8296, -4.2693, 0.0730 
1.4379, -0.3137, 9.0533, -0.7482, -4.1475, 0.0947 
1.7048, -0.4525, 9.1664, -0.6481, -4.0845, 0.1119 
2.0047, -0.5112, 9.1880, -0.5332, -4.0509, 0.1234 
2.3825, -0.5058, 9.0761, -0.4068, -4.0070, 0.1322 
2.7243, -0.5411, 8.9402, -0.2755, -3.9014, 0.1402 
2.8769, -0.6261, 8.9923, -0.1622, -3.7319, 0.1416 
2.8482, -0.6477, 9.2832, -0.0799, -3.6124, 0.1360 
2.6907, -0.5818, 9.7668, -0.0184, -3.6825, 0.1350 
2.5106, -0.4813, 10.2769, 0.0242, -3.9833, 0.1453 
2.4124, -0.4118, 10.4900, 0.0415, -4.3605, 0.1669 
2.5213, -0.4136, 10.2272, 0.0453, -4.3605, 0.1895 
2.9014, -0.4549, 9.5933, 0.0539, -4.3605, 0.2167 
3.5276, -0.5250, 8.7271, 0.0680, -4.3605, 0.2586 
4.3147, -0.6585, 7.7274, 0.1039, -4.2047, 0.3167 
5.0780, -0.8722, 6.8421, 0.1598, -3.4489, 0.3790 
5.6191, -1.1284, 6.3536, 0.2200, -2.5391, 0.4221 
5.8544, -1.3409, 6.3907, 0.2747, -1.6760, 0.4278 
5.8556, -1.4929, 6.8325, 0.3173, -1.0369, 0.3855 
5.7185, -1.5402, 7.4862, 0.3526, -0.6940, 0.3052 
5.4820, -1.5414, 8.2117, 0.3819, -0.6340, 0.2085 
5.1175, -1.5474, 8.9192, 0.4044, -0.8124, 0.1048 
4.6793, -1.5169, 9.6010, 0.4149, -1.1752, -0.0017 
4.2896, -1.3606, 10.1913, 0.4071, -1.7003, -0.0951 
4.0579, -1.0685, 10.4912, 0.3762, -2.3166, -0.1475 
4.0142, -0.7237, 10.3583, 0.3278, -2.8882, -0.1483 
4.1112, -0.4490, 9.8782, 0.2732, -3.2737, -0.1060 
4.3064, -0.2825, 9.1742, 0.2167, -3.4008, -0.0380 
4.5638, -0.1916, 8.3410, 0.1621, -3.2634, 0.0388 
4.8463, -0.1610, 7.5454, 0.1184, -2.9095, 0.1137 
5.0929, -0.1802, 7.0163, 0.0859, -2.4363, 0.1872 
5.2498, -0.2257, 6.8894, 0.0610, -1.9862, 0.2493 
5.3360, -0.2843, 7.0109, 0.0422, -1.6876, 0.2940 
5.4317, -0.3310, 7.1863, 0.0285, -1.5463, 0.3171 
5.5982, -0.3813, 7.3132, 0.0222, -1.4917, 0.3220 
5.8316, -0.4855, 7.2988, 0.0249, -1.4464, 0.3180 
6.0998, -0.6375, 7.1438, 0.0397, -1.3412, 0.3077 
6.3793, -0.8273, 6.8684, 0.0694, -1.1452, 0.2947 
6.6260, -1.0224, 6.5146, 0.1184, -0.8518, 0.2786 
6.7559, -1.2146, 6.2482, 0.1783, -0.4735, 0.2605 
6.7451, -1.3397, 6.2225, 0.2360, -0.0838, 0.2338 
6.6756, -1.3558, 6.3692, 0.2838, 0.2220, 0.1981 
6.6325, -1.3032, 6.6284, 0.3192, 0.3995, 0.1727 
6.6218, -1.2331, 6.8612, 0.3416, 0.4657, 0.1633 
6.6248, -1.1960, 7.0025, 0.3593, 0.4701, 0.1615 
6.6565, -1.1984, 7.0504, 0.3755, 0.4641, 0.1562 
6.7595, -1.2002, 6.9779, 0.3864, 0.4946, 0.1417 
6.9211, -1.2230, 6.7589, 0.3922, 0.6014, 0.1210 
7.1078, -1.2690, 6.4691, 0.3948, 0.8185, 0.1004 
7.2970, -1.3463, 6.1453, 0.3938, 1.1384, 0.0839 
7.4467, -1.4564, 5.8172, 0.3903, 1.5420, 0.0676 
7.5227, -1.5881, 5.5437, 0.3911, 2.0064, 0.0443 
7.4730, -1.7270, 5.3886, 0.3912, 2.5022, 0.0121 
7.3401, -1.7844, 5.3402, 0.3822, 2.9927, -0.0332 
7.2036, -1.7575, 5.3420, 0.3698, 3.4509, -0.0847 
7.0240, -1.6803, 5.4108, 0.3529, 3.8866, -0.1280 
6.7595, -1.5462, 5.5988, 0.3326, 4.2829, -0.1537 
6.3841, -1.4031, 5.9489, 0.3087, 4.3663, -0.1651 
5.9561, -1.2595, 6.4590, 0.2722, 4.3663, -0.1724 
5.5263, -1.0978, 7.0432, 0.2157, 4.3663, -0.1726 
5.1271, -0.9500, 7.6059, 0.1465, 4.3663, -0.1687 
4.7571, -0.8524, 8.0830, 0.0740, 4.3663, -0.1569 
4.4273, -0.8171, 8.4727, 0.0092, 4.3359, -0.1435 
4.1459, -0.8392, 8.7378, -0.0470, 4.1061, -0.1361 
3.9598, -0.8985, 8.8474, -0.0834, 3.9050, -0.1353 
3.8125, -0.9895, 8.8097, -0.0957, 3.7696, -0.1334 
3.6736, -1.1020, 8.7576, -0.0891, 3.7099, -0.1316 
3.5360, -1.1733, 8.7498, -0.0676, 3.7010, -0.1310 
3.4007, -1.2164, 8.7971, -0.0366, 3.7100, -0.1274 
3.2432, -1.2283, 8.8911, -0.0009, 3.7112, -0.1189 
3.0798, -1.1870, 9.0090, 0.0449, 3.6885, -0.1089 
2.8847, -1.1541, 9.1784, 0.0971, 3.6248, -0.0956 
2.6249, -1.1715, 9.3778, 0.1518, 3.5173, -0.0783 
2.3286, -1.1924, 9.6322, 0.1984, 3.3659, -0.0714 
2.0921, -1.1661, 9.9111, 0.2297, 3.1783, -0.0807 
1.9952, -1.0996, 10.0602, 0.2418, 2.9876, -0.0935 
1.9862, -1.0350, 10.0392, 0.2430, 2.8603, -0.0985 
1.9550, -1.0404, 9.9482, 0.2421, 2.8256, -0.1016 
1.8389, -1.0883, 9.8979, 0.2470, 2.8410, -0.1093 
1.6623, -1.1427, 9.9452, 0.2521, 2.8437, -0.1253 
1.4313, -1.1978, 10.0673, 0.2599, 2.7802, -0.1515 
1.1781, -1.2487, 10.2248, 0.2646, 2.6228, -0.1852 
0.9614, -1.2571, 10.3361, 0.2621, 2.4005, -0.2224 
0.7938, -1.2140, 10.4026, 0.2485, 2.1649, -0.2643 
0.6303, -1.1553, 10.4840, 0.2184, 1.9439, -0.3057 
0.4591, -1.1128, 10.6007, 0.1028, 1.5203, -0.3826 
0.3280, -1.0739, 10.7420, 0.0200, 1.3104, -0.4091 
0.2724, -1.0009, 10.8473, -0.0668, 1.1139, -0.4231 
0.2807, -0.8943, 10.8401, -0.1405, 0.9520, -0.4263 
0.2772, -0.8374, 10.7150, -0.1856, 0.8110, -0.4334 
0.1898, -0.8351, 10.5534, -0.1940, 0.6438, -0.4480 
0.0832, -0.8297, 10.4127, -0.1808, 0.4268, -0.4590 
0.0910, -0.6716, 10.2188, -0.1662, 0.1832, -0.4501 
0.1808, -0.6411, 10.0721, -0.1625, -0.0348, -0.4173 
0.2897, -0.7243, 9.8944, -0.1824, -0.1730, -0.3685 
0.3801, -0.8913, 9.6968, -0.2222, -0.2171, -0.3221 
0.4903, -1.0446, 9.5310, -0.2787, -0.1914, -0.2851 
0.5950, -1.1176, 9.3993, -0.3468, -0.1184, -0.2619 
0.6818, -1.1188, 9.3394, -0.4252, -0.0133, -0.2533 
0.6806, -1.0787, 9.3813, -0.5079, 0.1096, -0.2618 
0.6052, -1.0057, 9.4921, -0.5902, 0.2164, -0.2860 
0.4879, -0.8752, 9.6381, -0.6566, 0.2747, -0.3137 
0.3628, -0.7291, 9.8267, -0.6988, 0.2603, -0.3297 
0.2364, -0.6776, 9.9800, -0.7141, 0.1698, -0.3280 
0.1485, -0.7435, 9.9979, -0.7046, 0.0350, -0.3120 
0.1263, -0.8817, 9.8764, -0.6769, -0.0802, -0.2932 
0.1467, -0.9949, 9.6609, -0.6354, -0.1360, -0.2709 
0.2215, -1.0775, 9.3676, -0.5842, -0.1113, -0.2444 
0.3023, -1.1685, 9.1048, -0.5275, -0.0202, -0.2175 
0.3975, -1.2253, 8.8911, -0.4730, 0.1178, -0.1922 
0.4376, -1.2517, 8.8659, -0.4376, 0.2782, -0.1714 
0.4106, -1.2391, 9.0348, -0.4213, 0.3710, -0.1498 
0.3334, -1.1805, 9.3011, -0.4261, 0.3607, -0.1348 
0.2520, -1.0907, 9.5747, -0.4532, 0.2750, -0.1326 
0.2634, -0.9667, 9.7220, -0.4899, 0.1621, -0.1368 
0.3209, -0.8273, 9.7501, -0.5232, 0.0595, -0.1338 
0.3945, -0.7429, 9.7231, -0.5386, -0.0265, -0.1197 
0.4645, -0.6992, 9.6795, -0.5424, -0.1064, -0.0981 
0.5699, -0.7165, 9.5765, -0.5473, -0.1491, -0.0774 
0.6603, -0.8081, 9.5029, -0.5552, -0.1466, -0.0578 
0.7674, -0.9135, 9.4508, -0.5669, -0.1421, -0.0380 
0.8704, -0.9769, 9.3029, -0.5819, -0.1194, -0.0186 
0.9428, -1.0218, 9.0270, -0.5886, -0.0273, -0.0011 
0.9644, -1.1146, 8.8049, -0.5678, 0.1051, 0.0149 
0.9829, -1.2930, 8.6373, -0.5136, 0.1675, 0.0403 
0.9290, -1.5618, 8.5912, -0.4468, 0.1603, 0.0687 
0.8752, -1.7898, 8.6935, -0.3862, 0.0549, 0.0867 
0.8931, -1.9084, 8.6780, -0.3621, -0.0935, 0.0884 
1.0703, -1.9191, 8.9180, -0.3879, -0.1535, 0.0776 
1.1924, -1.7910, 9.2999, -0.4579, -0.3043, 0.0784 
1.2086, -1.5905, 9.6136, -0.5690, -0.5317, 0.0526 
1.2666, -1.3726, 9.7734, -0.7122, -0.7257, -0.0189 
1.3906, -1.1505, 9.8099, -0.8713, -0.8252, -0.1209 
1.5282, -0.9015, 9.7758, -1.0251, -0.8557, -0.2230 
1.6348, -0.7129, 9.6411, -1.1488, -0.8618, -0.3103 
1.6976, -0.6267, 9.3903, -1.2320, -0.8399, -0.3908 
1.7186, -0.6692, 9.0545, -1.2704, -0.7562, -0.4650 
1.6994, -0.8129, 8.6738, -1.2642, -0.5987, -0.5291 
1.6516, -0.9889, 8.3380, -1.2203, -0.3719, -0.5806 
1.5941, -1.1541, 8.1243, -1.1564, -0.0921, -0.6115 
1.4953, -1.2816, 8.0776, -1.0883, 0.1912, -0.6104 
1.4630, -1.3768, 7.9178, -1.0249, 0.4477, -0.5846 
1.2517, -1.5294, 8.2979, -0.8863, 0.8327, -0.5352 
0.7399, -1.6432, 9.1329, -0.7375, 1.0191, -0.4838 
0.2616, -1.7240, 9.6759, -0.6510, 0.7899, -0.4485 
-0.0006, -1.6887, 9.8243, -0.5995, 0.3357, -0.4212 
-0.0317, -1.5654, 9.7531, -0.5630, -0.1397, -0.3864 
0.0599, -1.3828, 9.6375, -0.5372, -0.5337, -0.3436 
0.2143, -1.1846, 9.5448, -0.5373, -0.8300, -0.3031 
0.3831, -1.0098, 9.4807, -0.5766, -1.0150, -0.2823 
0.5878, -0.8728, 9.3903, -0.6570, -1.0938, -0.2772 
0.8261, -0.7710, 9.2233, -0.7621, -1.0649, -0.2786 
1.0434, -0.7435, 9.0605, -0.8777, -0.9244, -0.2811 
1.2056, -0.7722, 8.9899, -0.9907, -0.7211, -0.2843 
1.2930, -0.8273, 8.9887, -1.1010, -0.4912, -0.2942 
1.3451, -0.8680, 9.0365, -1.2066, -0.2369, -0.3133 
1.3151, -0.8949, 9.1449, -1.2982, 0.0218, -0.3352 
1.2391, -0.8907, 9.3125, -1.3665, 0.2340, -0.3570 
1.1415, -0.8943, 9.4825, -1.4057, 0.3836, -0.3715 
1.0320, -0.9602, 9.6435, -1.4135, 0.4522, -0.3755 
0.9416, -1.0260, 9.7477, -1.3891, 0.4328, -0.3647 
3.4522, -2.5243, 5.3168, -1.0008, 1.3411, -0.3434 
0.5238, -2.2813, 14.0140, 0.4994, 3.8300, -0.3081 
-0.7692, -1.9832, 16.2629, 0.5942, 1.6368, -0.2489 
-0.4005, -2.0508, 14.0367, 0.5814, -0.2011, -0.2350 
-0.8386, -1.5498, 14.5952, 0.9313, -0.5579, -0.2376 
-0.4202, -1.0931, 12.9131, 0.9510, -1.2921, -0.2274 
0.0233, -0.9835, 11.2095, 0.9735, -1.2914, -0.1979 
0.2059, -0.9715, 10.2781, 0.9624, -0.9838, -0.1535 
0.4897, -1.0320, 9.4939, 0.8625, -0.7321, -0.1005 
0.7680, -1.1948, 9.0659, 0.7773, -0.3623, -0.0346 
0.8710, -1.2361, 8.9917, 0.7375, -0.0075, 0.0509 
0.8578, -1.2104, 9.1060, 0.7055, 0.2200, 0.1429 
0.8327, -1.1918, 9.3077, 0.6766, 0.3200, 0.2298 
0.7698, -1.1457, 9.6603, 0.6693, 0.3539, 0.3063 
0.7489, -1.0278, 9.8914, 0.6682, 0.3125, 0.3766 
0.7243, -0.9069, 10.0590, 0.6761, 0.2398, 0.4488 
0.8075, -0.8440, 9.9662, 0.6799, 0.1258, 0.5329 
0.8470, -0.8740, 10.1093, 0.7165, 0.0949, 0.6215 
1.1152, -0.9266, 9.8076, 0.7110, 0.0257, 0.7239 
1.3732, -0.9638, 9.6052, 0.6990, 0.1225, 0.8335 
1.5378, -0.9895, 9.3897, 0.6468, 0.2903, 0.9411 
1.6186, -1.0254, 9.0856, 0.5722, 0.5092, 1.0275 
1.6761, -1.1062, 8.6738, 0.5211, 0.7954, 1.0854 
1.4774, -1.0194, 8.6205, 0.5104, 1.0562, 1.1284 
1.4013, -0.9733, 8.2877, 0.5088, 1.1500, 1.1792 
1.2487, -0.9476, 8.5038, 0.5884, 1.2399, 1.2134 
0.8716, -0.9542, 9.0036, 0.6364, 1.1878, 1.2533 
0.1191, -0.8644, 9.3616, 0.8245, 0.5617, 1.2746 
-0.0646, 1.0577, 9.2359, 1.0689, 0.2330, 1.1736 
-0.9201, 1.8593, 8.8576, 0.9697, 0.5489, 1.0381 
-1.2086, 1.8491, 9.1060, 0.9949, 0.6639, 0.7950 
-0.9715, 1.9227, 9.6747, 1.0509, 0.6469, 0.5442 
-0.6896, 1.7994, 10.2487, 1.0689, 0.5366, 0.3685 
-0.1131, 1.5576, 10.6779, 1.0526, 0.4603, 0.2567 
0.4525, 1.2349, 10.8102, 0.9240, 0.6356, 0.2489 
0.4322, 0.7405, 10.8126, 0.7043, 1.0215, 0.3129 
-0.1856, 0.1778, 10.9802, 0.5842, 1.2159, 0.3318 
-0.8913, -0.1245, 11.1700, 0.6378, 0.9401, 0.2685 
-1.1152, -0.0682, 10.8479, 0.7673, 0.3400, 0.2103 
-0.9177, 0.1473, 10.1697, 0.9225, -0.1842, 0.2249 
-0.4651, 0.2957, 9.5388, 1.0585, -0.4394, 0.3055 
0.5028, -0.3143, 10.2763, 1.1072, -0.4493, 0.4472 
1.3397, -0.8015, 12.7425, 0.8950, -0.2430, 0.6631 
1.5833, -0.1945, 13.7775, 0.4577, 0.1747, 0.8629 
0.9661, 0.1227, 13.2184, 0.0063, 0.3305, 1.1355 
-0.1197, -0.2873, 12.5336, 0.0521, -0.0700, 1.1384 
-0.6237, -1.1966, 11.6716, 0.1193, -0.3654, 1.1546 
-0.5214, -1.6282, 10.5774, 0.1455, -0.2527, 1.2212 
-0.1676, -1.4947, 9.7651, 0.1024, 0.0999, 1.3298 
-0.0215, -1.2289, 9.5843, 0.0417, 0.3400, 1.4370 
-0.1742, -1.0691, 9.9560, 0.0225, 0.2723, 1.5027 
-0.4525, -0.9895, 10.4768, 0.0356, -0.0048, 1.5222 
-0.6076, -0.8979, 10.8066, 0.0479, -0.2826, 1.5083 
-0.3795, -0.6190, 10.7599, 0.0541, -0.4501, 1.4828 
-0.0766, -0.5591, 10.3792, 0.0443, -0.4927, 1.4497 
0.2885, -0.5621, 9.9087, 0.0204, -0.3984, 1.4123 
0.6148, -0.6357, 9.5262, -0.0083, -0.2017, 1.3689 
0.8913, -0.6561, 9.2341, -0.0310, 0.0083, 1.3070 
1.0194, -0.5777, 9.1988, -0.0245, 0.1602, 1.2216 
1.1134, -0.4789, 9.1718, 0.0083, 0.1834, 1.1134 
1.0972, -0.3843, 9.0677, 0.0650, 0.1561, 0.9891 
1.0685, -0.2382, 8.8905, 0.1213, 0.1253, 0.8578 
1.0188, -0.0790, 8.7498, 0.1918, 0.1471, 0.7271 
1.1122, -0.2855, 8.7480, 0.2261, 0.2116, 0.6460 
1.1966, -0.6465, 8.9611, 0.2517, 0.3041, 0.6263 
1.0152, -0.8644, 9.6567, 0.2958, 0.2469, 0.6410 
0.9691, -0.7530, 9.5310, 0.3192, 0.0021, 0.6529 
0.8997, -0.5800, 9.0599, 0.3458, -0.0318, 0.6655 
0.6321, -0.5806, 8.9055, 0.3836, 0.0623, 0.6781 
0.3897, -0.5651, 8.8067, 0.4449, 0.0748, 0.6847 
0.3065, -0.5375, 8.6762, 0.5140, 0.0334, 0.6988 
0.3598, -0.5968, 8.5253, 0.5882, 0.0240, 0.7340 
0.3035, -1.0571, 9.3215, 0.6275, 0.0913, 0.7777 
0.4478, -1.1062, 10.3259, 0.5727, 0.1111, 0.8002 
0.8955, -0.8817, 10.6941, 0.4662, 0.1337, 0.8391 
1.3439, -0.7183, 10.9132, 0.3726, 0.2763, 0.9100 
1.7348, -0.6836, 11.0975, 0.2834, 0.4344, 0.9866 
1.9808, -0.7704, 11.2113, 0.1911, 0.5470, 1.0522 
2.0526, -0.9111, 10.9856, 0.1256, 0.6036, 1.0922 
1.9161, -0.8668, 10.8264, 0.0896, 0.7042, 1.1308 
1.6911, -0.6118, 10.7917, 0.0598, 0.7525, 1.1915 
1.0547, -0.3622, 10.9545, 0.0085, 0.6505, 1.2395 
0.4519, -0.1113, 11.5339, -0.0613, 0.3863, 1.2516 
-0.5681, 0.0605, 12.4037, -0.1919, -0.1409, 1.2419 
-1.2265, 0.1748, 12.5330, -0.3510, -0.9241, 1.1837 
-1.5408, 0.1862, 12.1577, -0.4743, -1.6995, 1.1246 
-0.7692, 0.0293, 9.8596, -0.4256, -2.0780, 1.1134 
-0.2879, -0.1467, 8.4355, -0.1490, -1.2167, 1.1274 
-0.0874, -0.2640, 7.9483, -0.1681, -0.2498, 1.0753 
-0.7363, -0.2508, 9.6759, -0.1763, 0.3927, 1.0178 
-1.1894, 0.2550, 11.1670, -0.2001, 0.1236, 0.9741 
-0.7040, 0.7267, 11.1760, -0.2884, -0.3224, 0.9465 
-0.2353, 0.7369, 10.9240, -0.3368, -0.3750, 0.9757 
-0.0269, 0.4921, 10.5839, -0.3923, -0.2858, 1.0114 
-0.2257, 0.0084, 10.2409, -0.4085, -0.2529, 1.0297 
-0.5118, -0.4897, 9.8345, -0.3858, -0.2673, 1.0055 
-0.4639, -0.7602, 9.4466, -0.3534, -0.2416, 0.9546 
-0.2263, -0.7758, 9.1868, -0.3329, -0.1481, 0.9236 
-0.0796, -0.6866, 9.0222, -0.3209, -0.0134, 0.9135 
-0.0778, -0.6609, 8.9929, -0.3168, 0.1262, 0.9016 
-0.0718, -0.7046, 9.0820, -0.3083, 0.2377, 0.8873 
-0.1233, -0.7842, 9.3514, -0.2975, 0.2862, 0.8811 
-0.2790, -0.7794, 9.9303, -0.2590, 0.1692, 0.8795 
-0.0964, -0.6393, 9.8369, -0.2477, -0.0782, 0.8805 
0.0000, -0.5950, 9.5508, -0.2318, -0.1482, 0.8999 
-0.6944, -0.6998, 9.4825, -0.2088, -0.1400, 0.8823 
-1.5923, -0.5777, 9.4209, -0.1530, -0.2333, 0.7604 
-2.1562, -0.3903, 9.3323, -0.0473, -0.4597, 0.6062 
-2.2460, -0.1508, 9.2969, 0.0654, -0.6934, 0.4783 
-2.0047, 0.1826, 9.2754, 0.1400, -0.7767, 0.4087 
-1.6887, 0.4418, 9.1569, 0.1483, -0.6678, 0.4012 
-1.3606, 0.5812, 8.9300, 0.1088, -0.4083, 0.4342 
-1.0146, 0.6483, 8.7534, 0.0374, -0.0369, 0.5109 
-0.6423, 0.6704, 8.6929, -0.0634, 0.4089, 0.6474 
-0.3699, 0.6597, 8.9492, -0.1707, 0.8694, 0.8520 
-0.5926, 0.3604, 10.1960, -0.2537, 1.1861, 1.1042 
-1.0188, 0.4573, 11.4962, -0.1728, 0.8554, 1.3368 
-0.9075, 0.7692, 10.8342, -0.1968, 0.3028, 1.6031 
-0.8440, 0.4615, 10.0691, -0.2344, 0.0726, 1.9170 
-0.6824, 0.0413, 9.0318, -0.1746, 0.1766, 2.2068 
-0.6082, -0.4412, 8.5726, -0.0888, 0.5408, 2.4708 
-0.4232, -0.6788, 8.2039, 0.0075, 0.9580, 2.6936 
-0.3394, -0.8692, 8.2236, 0.0848, 1.4099, 2.8739 
-0.4956, -1.0242, 8.4092, 0.1304, 1.7897, 2.9993 
-0.8093, -1.1110, 8.8875, 0.1475, 2.0119, 3.0674 
-1.1385, -0.9644, 9.4526, 0.1274, 2.0085, 3.0694 
-1.4851, -0.7070, 9.9835, 0.0599, 1.8475, 3.0136 
-1.8712, -0.4394, 10.6713, -0.0273, 1.5133, 2.8996 
-2.1502, -0.1113, 11.0155, -0.1318, 1.0380, 2.7351 
-2.2292, 0.1000, 11.1389, -0.2321, 0.5261, 2.5457 
-2.0652, 0.2059, 11.1335, -0.3215, 0.0577, 2.3518 
-1.6432, 0.2095, 10.9581, -0.3900, -0.2926, 2.1840 
-1.1619, 0.0629, 10.6600, -0.4253, -0.4389, 2.0631 
-0.7147, -0.2023, 10.2248, -0.4116, -0.3990, 1.9801 
-0.3663, -0.5381, 9.8459, -0.3686, -0.2370, 1.9049 
-0.1341, -0.8392, 9.6417, -0.3208, -0.0562, 1.8306 
-0.0311, -1.0051, 9.5825, -0.2732, 0.0469, 1.7432 
-0.0108, -0.9931, 9.6447, -0.2456, 0.0344, 1.6583 
-0.1401, -0.9703, 9.8710, -0.2471, -0.1160, 1.5981 
-0.2945, -0.9745, 9.9913, -0.2662, -0.3875, 1.5620 
-0.5028, -1.0350, 10.1404, -0.3005, -0.6995, 1.5588 
-0.6627, -1.1601, 10.0937, -0.3365, -0.9902, 1.5686 
-0.7345, -1.2810, 9.9668, -0.3449, -1.1863, 1.5860 
-0.7177, -1.3361, 9.9225, -0.3429, -1.2620, 1.6097 
-0.6297, -1.3121, 9.9129, -0.3317, -1.2656, 1.6387 
-0.5369, -1.2696, 9.9183, -0.3266, -1.2184, 1.6609 
-0.4525, -1.2337, 9.8812, -0.3219, -1.1676, 1.6726 
-0.3807, -1.1793, 9.8093, -0.3143, -1.1155, 1.6764 
-0.3538, -1.1074, 9.7788, -0.3088, -1.0614, 1.6729 
-0.3610, -1.0512, 9.6004, -0.2856, -1.0182, 1.6587 
-0.4190, -1.0655, 9.5160, -0.2609, -0.9288, 1.6165 
-0.3520, -1.0440, 9.4191, -0.2308, -0.8127, 1.5432 
-0.2281, -1.0769, 9.3718, -0.2091, -0.6382, 1.4635 
-0.0838, -1.2230, 9.2694, -0.1847, -0.3864, 1.3923 
-0.0275, -1.4528, 9.2107, -0.1557, -0.1152, 1.3544 
-0.0305, -1.6102, 9.4161, -0.1354, 0.0898, 1.3367 
-0.0856, -1.6420, 9.6136, -0.1318, 0.1772, 1.3247 
-0.2388, -1.5612, 9.9351, -0.1537, 0.1358, 1.2923 
-0.3376, -1.4516, 10.0530, -0.1814, -0.0265, 1.2448 
-0.3657, -1.3666, 10.1535, -0.2155, -0.1985, 1.1954 
-0.3604, -1.3151, 10.2110, -0.2473, -0.3557, 1.1511 
-0.3053, -1.2726, 10.1476, -0.2698, -0.4543, 1.1174 
-0.4124, -1.2241, 10.1081, -0.2842, -0.4960, 1.1006 
-0.4184, -1.1098, 10.1242, -0.2946, -0.5121, 1.0923 
-0.4627, -1.0206, 10.1541, -0.3256, -0.5512, 1.1333 
-0.4382, -0.9644, 10.2368, -0.3436, -0.6103, 1.1568 
-0.3975, -0.8805, 10.1272, -0.3526, -0.6161, 1.1545 
-0.3077, -0.9177, 9.8866, -0.3393, -0.5622, 1.1175 
-0.2197, -1.0248, 9.6777, -0.3123, -0.4679, 1.0678 
-0.1431, -1.0452, 9.5873, -0.2883, -0.3912, 1.0152 
-0.1323, -1.0284, 9.6184, -0.2734, -0.3960, 0.9608 
-0.1939, -1.0033, 9.5843, -0.2575, -0.4180, 0.9191 
-0.1640, -1.0547, 9.1443, -0.2269, -0.3454, 0.9054 
-0.2778, -1.1218, 9.0258, -0.1879, -0.2055, 0.9156 
-0.4639, -1.1200, 9.1132, -0.1514, -0.1077, 0.9372 
-0.6058, -1.0535, 9.2754, -0.1345, -0.0879, 0.9714 
-0.6692, -1.0009, 9.4011, -0.1350, -0.1101, 1.0243 
-0.7489, -0.9997, 9.5903, -0.1402, -0.1218, 1.0943 
-0.8638, -0.9889, 9.8285, -0.1394, -0.1611, 1.1678 
-0.8985, -0.9416, 9.9524, -0.1489, -0.2627, 1.2485 
-0.6968, -0.9476, 9.7489, -0.1530, -0.3425, 1.3383 
-0.5244, -1.0434, 9.3969, -0.1501, -0.2992, 1.4234 
-0.3759, -1.1757, 9.2431, -0.1376, -0.1907, 1.4688 
-0.2927, -1.2864, 9.2550, -0.1148, -0.1322, 1.4692 
-0.2089, -1.3930, 9.3071, -0.0868, -0.1610, 1.4319 
-0.0826, -1.3930, 9.3311, -0.0473, -0.1907, 1.3698 
0.0072, -1.4121, 9.3436, -0.0393, -0.1843, 1.3162 
0.0192, -1.4247, 9.3957, -0.0326, -0.1569, 1.2685 
0.0305, -1.4019, 9.4125, -0.0330, -0.1208, 1.2298 
-0.0275, -1.4019, 9.5424, -0.0316, -0.0850, 1.2015 
-0.0874, -1.3325, 9.5950, -0.0341, -0.0795, 1.1865 
-0.1724, -1.2870, 9.7764, -0.0489, -0.0860, 1.1997 
-0.3053, -1.2433, 10.0757, -0.0597, -0.1380, 1.2294 
-0.3873, -1.1984, 10.2864, -0.0704, -0.2609, 1.2790 
-0.4771, -1.1864, 10.3271, -0.0786, -0.3812, 1.3583 
-0.5986, -1.1445, 10.3128, -0.0802, -0.4774, 1.4509 
-0.6585, -1.0422, 10.2032, -0.0832, -0.5536, 1.5343 
-0.7141, -0.8943, 10.0907, -0.0768, -0.5999, 1.6050 
-0.7369, -0.7890, 9.9087, -0.0671, -0.6319, 1.6665 
-0.7417, -0.6914, 9.7555, -0.0449, -0.6384, 1.7195 
-0.7034, -0.6148, 9.5609, -0.0280, -0.6348, 1.7749 
-0.6489, -0.5848, 9.3819, -0.0053, -0.5995, 1.8292 
-0.5202, -0.5417, 9.1060, 0.0124, -0.5440, 1.8783 
-0.4005, -0.5034, 8.9031, 0.0269, -0.4018, 1.9177 
-0.3083, -0.4693, 8.7426, 0.0266, -0.2156, 1.9463 
-0.2837, -0.4148, 8.7564, 0.0181, -0.0262, 1.9655 
-0.2394, -0.4280, 8.8031, 0.0049, 0.1073, 1.9765 
-0.2676, -0.5352, 8.9563, 0.0158, 0.1995, 1.9761 
-0.2317, -0.6351, 9.1216, 0.0390, 0.2242, 1.9615 
-0.0736, -0.7022, 9.2676, 0.0398, 0.2511, 1.9412 
0.0383, -0.7722, 9.4921, 0.0286, 0.3179, 1.9269 
0.0114, -0.8536, 9.6956, 0.0218, 0.3373, 1.9138 
-0.1042, -1.0392, 10.1452, 0.0318, 0.2657, 1.8902 
0.0227, -1.0607, 10.0123, 0.0647, 0.1129, 1.8531 
-0.0060, -1.2002, 9.9859, 0.0423, 0.0894, 1.8532 
0.0066, -1.2870, 9.9560, 0.0378, 0.0679, 1.8468 
0.0048, -1.3385, 9.7962, 0.0485, 0.0775, 1.8414 
-0.0617, -1.3804, 9.7273, 0.0525, 0.1000, 1.8334 
-0.0347, -1.3373, 9.5968, 0.0606, 0.1321, 1.8123 
0.0078, -1.2361, 9.6322, 0.0682, 0.1866, 1.7825 
0.0239, -1.0727, 9.7710, 0.0744, 0.2092, 1.7459 
0.0186, -0.8351, 9.7968, 0.0739, 0.1967, 1.7147 
-0.0916, -0.5854, 9.9871, 0.0587, 0.1635, 1.6914 
-0.1161, -0.2843, 9.9357, 0.0507, 0.0925, 1.6748 
-0.2179, -0.0706, 10.0685, 0.0297, 0.0662, 1.6713 
-0.2790, 0.1137, 10.0027, 0.0208, 0.0190, 1.6749 
-0.4244, 0.2269, 9.9386, 0.0057, 0.0008, 1.6796 
-0.4909, 0.3292, 9.8860, 0.0052, -0.0089, 1.6748 
-0.5621, 0.3675, 9.8016, 0.0119, 0.0016, 1.6780 
-0.7022, 0.2490, 9.8034, 0.0152, 0.0342, 1.7003 
-0.7860, 0.0299, 9.7585, 0.0154, 0.0462, 1.7328 
-0.9051, -0.3346, 9.9476, 0.0041, 0.0510, 1.7802 
-0.8267, -0.6764, 9.9315, -0.0077, 0.0097, 1.8282 
-0.7938, -1.0488, 9.9596, -0.0373, -0.0025, 1.8743 
-0.7471, -1.3930, 9.9913, -0.0614, -0.0262, 1.9079 
-0.6309, -1.6635, 9.9135, -0.0758, -0.0577, 1.9250 
-0.5256, -1.8647, 9.8806, -0.0880, -0.0715, 1.9238 
-0.4023, -1.9305, 9.8632, -0.1019, -0.0719, 1.9083 
-0.3059, -1.8832, 9.9494, -0.1156, -0.0617, 1.8809 
-0.2221, -1.7389, 9.9021, -0.1217, -0.0750, 1.8471 
-0.1514, -1.5378, 9.6968, -0.1186, -0.0736, 1.8017 
-0.1550, -1.3367, 9.5561, -0.1136, -0.0314, 1.7500 
-0.1395, -1.0943, 9.4137, -0.0864, -0.0065, 1.6893 
-0.1311, -0.7776, 9.3047, -0.0502, 0.0537, 1.6212 
-0.2203, -0.5004, 9.4963, -0.0306, 0.1172, 1.5564 
-0.2813, -0.2664, 9.7094, -0.0200, 0.0944, 1.5029 
-0.3185, -0.1497, 9.9141, -0.0285, 0.0224, 1.4732 
-0.3927, -0.2113, 10.1811, -0.0619, -0.0593, 1.4700 
-0.4172, -0.3448, 10.3224, -0.0985, -0.1886, 1.4788 
-0.4340, -0.5387, 10.4313, -0.1389, -0.3020, 1.5027 
-0.4507, -0.7638, 10.3702, -0.1702, -0.3754, 1.5368 
-0.5118, -0.9494, 10.1966, -0.1826, -0.3590, 1.5718 
-0.6645, -1.0889, 10.2110, -0.1964, -0.3139, 1.6087 
-0.7824, -1.2188, 10.2278, -0.2147, -0.3457, 1.6479 
-0.8075, -1.3020, 10.0925, -0.2361, -0.4131, 1.6922 
-0.8231, -1.3798, 10.0548, -0.2659, -0.4587, 1.7443 
-0.7507, -1.3780, 9.8902, -0.2726, -0.5116, 1.7834 
-0.6160, -1.3582, 9.7519, -0.2702, -0.5100, 1.8041 
-0.4663, -1.3355, 9.6238, -0.2502, -0.4645, 1.7954 
-0.3622, -1.2601, 9.5454, -0.2264, -0.4148, 1.7711 
-0.2933, -1.1733, 9.5843, -0.2128, -0.3972, 1.7448 
-0.1963, -1.0476, 9.5747, -0.2025, -0.4275, 1.7173 
-0.1449, -0.9811, 9.5496, -0.1951, -0.4201, 1.6976 
-0.0850, -0.9482, 9.4963, -0.1772, -0.3863, 1.6738 
-0.0970, -0.9937, 9.4885, -0.1589, -0.3246, 1.6424 
-0.1371, -1.1254, 9.5364, -0.1388, -0.2884, 1.5973 
-0.0796, -1.2140, 9.5220, -0.1140, -0.2978, 1.5394 
-0.0652, -1.3367, 9.3724, -0.1051, -0.2691, 1.4833 
-0.1119, -1.5336, 9.4334, -0.0959, -0.2296, 1.4182 
-0.0593, -1.6689, 9.4113, -0.0652, -0.2388, 1.3372 
0.0078, -1.7719, 9.2820, -0.0425, -0.1887, 1.2586 
0.0670, -1.8455, 9.3287, -0.0233, -0.1088, 1.1866 
0.2143, -1.7868, 9.2814, 0.0004, -0.0630, 1.1170 
0.1957, -1.7252, 9.3969, -0.0052, 0.0332, 1.0805 
0.1604, -1.6623, 9.4675, -0.0184, 0.0808, 1.0630 
0.1119, -1.5953, 9.5190, -0.0374, 0.0894, 1.0622 
0.0718, -1.4666, 9.5633, -0.0558, 0.0900, 1.0713 
0.0305, -1.2385, 9.6890, -0.0675, 0.0871, 1.0863 
-0.0120, -1.0057, 9.8489, -0.0743, 0.0691, 1.1067 
-0.0245, -0.7997, 9.9081, -0.0763, 0.0510, 1.1296 
-0.0760, -0.6704, 9.9303, -0.0827, 0.0509, 1.1588 
-0.1820, -0.6303, 10.0039, -0.1000, 0.0442, 1.1941 
-0.2520, -0.6070, 10.0266, -0.1160, 0.0035, 1.2234 
-0.2903, -0.6243, 10.0518, -0.1364, -0.0453, 1.2465 
-0.3478, -0.6692, 10.2260, -0.1752, -0.1848, 1.2931 
-0.3059, -0.7040, 10.2577, -0.2041, -0.2495, 1.3318 
-0.3023, -0.7584, 10.3918, -0.2345, -0.3328, 1.3781 
-0.2742, -0.7698, 10.4666, -0.2740, -0.4284, 1.4331 
-0.3262, -0.7369, 10.5355, -0.3121, -0.5564, 1.4965 
-0.3867, -0.6686, 10.4858, -0.3398, -0.6822, 1.5655 
-0.4879, -0.6094, 10.3331, -0.3465, -0.7601, 1.6295 
-0.5435, -0.5310, 9.9907, -0.3398, -0.7497, 1.6958 
-0.6447, -0.5244, 9.4041, -0.3023, -0.7192, 1.7639 
-0.6447, -0.6261, 9.2233, -0.2607, -0.6123, 1.8283 
-0.5082, -0.6842, 9.0767, -0.2055, -0.4986, 1.8924 
-0.4364, -0.7315, 9.1395, -0.1626, -0.3858, 1.9776 
-0.3921, -0.7614, 9.2095, -0.1322, -0.3444, 2.0681 
-0.2879, -0.7680, 9.2167, -0.1160, -0.3523, 2.1552 
-0.2263, -0.8015, 9.2592, -0.1036, -0.3657, 2.2269 
-0.0994, -0.8596, 9.1503, -0.0823, -0.3606, 2.2659 
0.0210, -0.9817, 9.0557, -0.0501, -0.2710, 2.2697 
0.1706, -1.1170, 8.8869, -0.0053, -0.1024, 2.2472 
0.2257, -1.2649, 8.9366, 0.0372, 0.0944, 2.2042 
0.2640, -1.3762, 8.9276, 0.0743, 0.2304, 2.1482 
0.2616, -1.5396, 9.0802, 0.0887, 0.3191, 2.0843 
0.3484, -1.6893, 9.2107, 0.1017, 0.3346, 2.0029 
0.4573, -1.8186, 9.2945, 0.1103, 0.3453, 1.9137 
0.5812, -1.9215, 9.4083, 0.1135, 0.3754, 1.8097 
0.7339, -1.9622, 9.5382, 0.1160, 0.4176, 1.6882 
0.8626, -1.9796, 9.6304, 0.1176, 0.4662, 1.5607 
0.9129, -1.9658, 9.7028, 0.1161, 0.4998, 1.4312 
0.8524, -1.8575, 9.7573, 0.1103, 0.5006, 1.2974 
0.7357, -1.6378, 9.7854, 0.1076, 0.4586, 1.1582 
0.5741, -1.4025, 9.7291, 0.1097, 0.4065, 1.0200 
0.3915, -1.2224, 9.6166, 0.1242, 0.3868, 0.8887 
0.1473, -1.1481, 9.5340, 0.1457, 0.4231, 0.7746 
-0.0958, -1.1816, 9.5035, 0.1698, 0.4822, 0.6778 
-0.3430, -1.2846, 9.6310, 0.1851, 0.5273, 0.6018 
-0.5226, -1.3774, 9.8195, 0.1803, 0.5184, 0.5554 
-0.6369, -1.4193, 9.9865, 0.1554, 0.4586, 0.5396 
-0.7111, -1.3852, 10.1392, 0.1186, 0.3734, 0.5477 
-0.7566, -1.2613, 10.2320, 0.0763, 0.2993, 0.5770 
-0.7686, -1.0655, 10.2601, 0.0357, 0.2398, 0.6260 
-0.8033, -0.8243, 10.2368, 0.0011, 0.1967, 0.6942 
-0.8602, -0.5160, 10.1362, -0.0260, 0.1494, 0.7751 
-0.9895, -0.2059, 9.9895, -0.0459, 0.1116, 0.8605 
-1.1176, 0.0317, 9.8028, -0.0521, 0.0799, 0.9455 
-1.2241, 0.1006, 9.5591, -0.0399, 0.0728, 1.0283 
-1.3002, 0.0383, 9.2826, -0.0157, 0.1208, 1.1030 
-1.3822, -0.0772, 9.1748, 0.0152, 0.2289, 1.1665 
-1.4444, -0.2029, 9.1359, 0.0494, 0.3277, 1.2274 
-1.5456, -0.2556, 9.1724, 0.0639, 0.4229, 1.2887 
-1.6641, -0.2227, 9.2503, 0.0627, 0.4794, 1.3492 
-1.8018, -0.1945, 9.3388, 0.0487, 0.5075, 1.4196 
-1.9000, -0.1784, 9.4185, 0.0266, 0.5107, 1.4966 
-2.0335, -0.2460, 9.6525, -0.0027, 0.5100, 1.5789 
-2.0592, -0.3454, 9.7231, -0.0236, 0.4747, 1.6679 
-1.9431, -0.3933, 9.3215, -0.0643, 0.4982, 1.7623 
-2.0562, -0.4879, 9.2281, -0.1752, 0.6813, 1.8713 
-2.2005, -0.5896, 9.5777, -0.3020, 0.6623, 1.9724 
-2.1574, -0.6746, 9.7243, -0.4296, 0.4438, 2.0615 
-2.0676, -0.8231, 9.8979, -0.5505, 0.2463, 2.1494 
-1.8916, -0.9584, 10.0859, -0.6311, 0.0794, 2.2206 
-1.6246, -0.9673, 9.9650, -0.6782, 0.0008, 2.2764 
-1.4636, -0.9207, 9.9015, -0.7253, 0.0210, 2.3289 
-1.3983, -0.8782, 9.8572, -0.7847, 0.0084, 2.3724 
-1.3630, -0.8704, 9.8393, -0.8513, -0.0925, 2.4054 
-1.3666, -0.9518, 9.9794, -0.9055, -0.2710, 2.4262 
-1.2487, -1.0577, 10.0614, -0.9046, -0.5183, 2.4246 
-0.7339, -0.9811, 8.9713, -0.8697, -0.5273, 2.3985 
-1.1338, -1.1032, 10.0117, -0.8594, -0.2048, 2.3643 
-0.8530, -1.0541, 9.6932, -0.7520, -0.4092, 2.3192 
-0.6423, -1.0182, 9.3454, -0.6998, -0.2755, 2.2847 
-0.8177, -1.0984, 9.7399, -0.6911, -0.0856, 2.2515 
-0.8249, -1.2104, 10.0536, -0.6657, -0.2390, 2.2114 
-0.6118, -1.2619, 9.7950, -0.6564, -0.3907, 2.1776 
-0.6543, -1.3582, 9.8632, -0.6705, -0.3405, 2.1463 
-0.6872, -1.4630, 9.9285, -0.6526, -0.3795, 2.1008 
-0.5800, -1.5294, 9.5316, -0.6148, -0.3904, 2.0444 
-0.6531, -1.5821, 9.3748, -0.5781, -0.2510, 1.9813 
-0.7800, -1.5426, 9.2981, -0.5277, -0.1679, 1.9115 
-0.9536, -1.5103, 9.3466, -0.4735, -0.1465, 1.8444 
-1.1038, -1.5923, 9.4376, -0.4088, -0.1726, 1.7744 
-1.1182, -1.7000, 9.2987, -0.3252, -0.1754, 1.6884 
-1.0769, -1.7916, 9.1850, -0.2429, -0.0236, 1.5995 
-1.0673, -1.7491, 9.1257, -0.1723, 0.1838, 1.5259 
-1.1637, -1.5067, 9.2054, -0.1326, 0.3727, 1.4753 
-1.4426, -1.2834, 9.7429, -0.1221, 0.3855, 1.4519 
-1.4510, -1.0865, 9.6387, -0.1185, 0.2077, 1.4532 
-1.5504, -1.0182, 9.6178, -0.1388, 0.1826, 1.4728 
-1.6342, -1.0500, 9.5837, -0.1602, 0.1730, 1.4990 
-1.6827, -1.1427, 9.5711, -0.1902, 0.1774, 1.5320 
-1.8048, -1.2529, 9.5771, -0.2249, 0.1605, 1.5706 
-1.9395, -1.2846, 9.4897, -0.2551, 0.1073, 1.5974 
-2.0299, -1.2954, 9.4628, -0.2795, 0.0760, 1.6114 
-2.0628, -1.3385, 9.4819, -0.2954, 0.0575, 1.6159 
-2.0263, -1.3852, 9.5202, -0.2943, 0.0609, 1.6154 
-1.9203, -1.3564, 9.5160, -0.2802, 0.1059, 1.6173 
-1.7898, -1.2445, 9.6322, -0.2662, 0.1875, 1.6236 
-1.6516, -1.0116, 9.6860, -0.2654, 0.2377, 1.6414 
-1.5797, -0.7327, 9.8692, -0.2928, 0.2521, 1.6741 
-1.5833, -0.5381, 10.1128, -0.3442, 0.1486, 1.7217 
-1.4768, -0.4555, 10.0260, -0.4117, -0.0465, 1.7731 
-1.4480, -0.5507, 9.5454, -0.4979, -0.1280, 1.8189 
-1.6629, -0.7620, 9.3999, -0.5791, -0.0746, 1.8362 
-1.9389, -0.9835, 9.9135, -0.6183, -0.2056, 1.8265 
-1.7874, -1.1445, 9.5400, -0.6059, -0.4606, 1.8170 
-1.7306, -1.3361, 9.3412, -0.5829, -0.3229, 1.8055 
-1.7695, -1.4396, 9.5418, -0.5217, -0.1557, 1.7901 
-1.6396, -1.4253, 9.4310, -0.4373, -0.1087, 1.7802 
-1.5827, -1.3666, 9.2850, -0.3760, 0.0312, 1.7739 
-1.6342, -1.3259, 9.3490, -0.3358, 0.1471, 1.7641 
-1.5935, -1.2816, 9.2969, -0.3052, 0.1434, 1.7532 
-1.5767, -1.2391, 9.2922, -0.2927, 0.1623, 1.7442 
-1.6168, -1.1721, 9.3784, -0.2856, 0.1674, 1.7314 
-1.5935, -1.0960, 9.4693, -0.2723, 0.1394, 1.7146 
-1.5713, -1.0344, 9.5897, -0.2693, 0.1290, 1.7030 
-1.5504, -0.9242, 9.6483, -0.2764, 0.1221, 1.6946 
-1.5809, -0.8153, 9.7172, -0.2927, 0.1128, 1.6909 
-1.5749, -0.7943, 9.6495, -0.3125, 0.0820, 1.6885 
-1.6067, -0.9362, 9.7237, -0.3396, 0.0708, 1.6858 
-1.5785, -1.1954, 9.6980, -0.3675, 0.0197, 1.6812 
-1.5558, -1.5061, 9.6555, -0.4095, -0.0230, 1.6568 
-1.5863, -1.7988, 9.8022, -0.4132, -0.1068, 1.6302 
-1.5797, -1.9958, 9.8183, -0.4083, -0.1577, 1.5902 
-1.5540, -2.1262, 9.7752, -0.3908, -0.1683, 1.5358 
-1.5061, -2.1316, 9.7609, -0.3662, -0.1756, 1.4780 
-1.4780, -1.9796, 9.8477, -0.3373, -0.2131, 1.4187 
-1.4977, -1.7102, 9.9015, -0.2906, -0.2538, 1.3548 
-1.5408, -1.4319, 9.8040, -0.2209, -0.2505, 1.2842 
-1.6150, -1.1996, 9.6549, -0.1396, -0.2005, 1.2095 
-1.8485, -1.1589, 9.4849, -0.0545, -0.1420, 1.1375 
-1.9898, -1.3714, 9.4059, 0.0317, -0.0838, 1.0692 
-2.1053, -1.6593, 9.3388, 0.1186, -0.0089, 1.0020 
-2.1879, -1.9838, 9.3652, 0.1977, 0.0830, 0.9376 
-2.2352, -2.3124, 9.4855, 0.2649, 0.1646, 0.8795 
-2.2214, -2.5770, 9.6549, 0.3239, 0.2099, 0.8273 
-2.1592, -2.7009, 9.8668, 0.3695, 0.2246, 0.7770 
-2.0598, -2.6967, 10.0608, 0.4024, 0.2052, 0.7244 
-1.9431, -2.6045, 10.1954, 0.4256, 0.1561, 0.6663 
-1.7856, -2.4651, 10.2206, 0.4418, 0.0955, 0.5932 
-1.6486, -2.3352, 10.1482, 0.4559, 0.0483, 0.5065 
-1.5079, -2.2520, 9.9853, 0.4703, 0.0297, 0.3982 
-1.3936, -2.2585, 9.8123, 0.4883, 0.0357, 0.2710 
-1.2589, -2.2963, 9.6483, 0.5054, 0.0479, 0.1276 
-1.1350, -2.3130, 9.4981, 0.5193, 0.0668, -0.0200 
-1.0320, -2.2897, 9.3676, 0.5338, 0.0875, -0.1696 
-0.9602, -2.2801, 9.2245, 0.5520, 0.1129, -0.3124 
-0.9404, -2.3118, 9.1126, 0.5749, 0.1637, -0.4554 
-0.9272, -2.3525, 9.0725, 0.5975, 0.2145, -0.6018 
-0.9177, -2.3453, 9.0647, 0.6164, 0.2639, -0.7452 
-0.9596, -2.2549, 9.1174, 0.6300, 0.3231, -0.8818 
-1.0284, -2.0736, 9.2700, 0.6412, 0.3425, -1.0083 
-1.0978, -1.8006, 9.4316, 0.6388, 0.3121, -1.1232 
-1.1403, -1.4576, 9.5609, 0.6233, 0.2707, -1.2232 
-1.1936, -1.0356, 9.6262, 0.5974, 0.2389, -1.2967 
-1.3157, -0.5525, 9.6783, 0.5665, 0.2161, -1.3421 
-1.4989, -0.1371, 9.7363, 0.5404, 0.1760, -1.3650 
-1.6689, 0.0952, 9.7854, 0.5209, 0.1081, -1.3626 
-1.8198, 0.1089, 9.7728, 0.5022, 0.0296, -1.3369 
-1.9778, -0.0515, 9.6860, 0.4791, -0.0326, -1.2954 
-2.1292, -0.2748, 9.5466, 0.4575, -0.0680, -1.2487 
-2.2609, -0.5250, 9.4191, 0.4362, -0.0687, -1.2060 
-2.3944, -0.8177, 9.2963, 0.4164, -0.0542, -1.1696 
-2.4651, -1.1547, 9.2030, 0.3942, -0.0425, -1.1456 
-2.4633, -1.5151, 9.1641, 0.3651, -0.0208, -1.1371 
-2.4124, -1.8102, 9.1928, 0.3266, 0.0055, -1.1441 
-2.3340, -2.0011, 9.2604, 0.2828, 0.0258, -1.1686 
-2.2394, -2.1316, 9.3478, 0.2414, 0.0386, -1.2154 
-2.1280, -2.2250, 9.4412, 0.2083, 0.0411, -1.2895 
-1.9814, -2.2693, 9.5370, 0.1828, 0.0446, -1.3879 
-1.7976, -2.1897, 9.5879, 0.1625, 0.0498, -1.5051 
-1.6246, -1.7731, 9.6597, 0.1514, 0.0648, -1.6292 
-1.5366, -1.0517, 9.7387, 0.1487, 0.0764, -1.7462 
-1.5091, -0.2921, 9.7764, 0.1566, 0.0704, -1.8503 
-1.4845, 0.3604, 9.8135, 0.1808, 0.0368, -1.9319 
-1.4893, 0.8183, 9.8530, 0.2085, -0.0137, -1.9805 
-1.5642, 1.0248, 9.9398, 0.2313, -0.0803, -1.9929 
-1.6743, 0.9476, 10.0236, 0.2370, -0.1838, -1.9728 
-1.8042, 0.6172, 10.0069, 0.2199, -0.3096, -1.9255 
-1.9676, 0.1024, 9.9051, 0.1819, -0.4193, -1.8612 
-2.1268, -0.4998, 9.7704, 0.1253, -0.4900, -1.7981 
-2.2765, -1.1379, 9.6549, 0.0578, -0.5279, -1.7448 
-2.3932, -1.7354, 9.5867, -0.0218, -0.5606, -1.7102 
-2.4459, -2.2579, 9.5250, -0.1077, -0.5967, -1.6999 
-2.3825, -2.6662, 9.4490, -0.1989, -0.6309, -1.7141 
-2.3699, -3.0930, 9.3263, -0.2895, -0.6577, -1.7551 
-2.4896, -3.5509, 9.0892, -0.3619, -0.7520, -1.8356 
-2.4459, -3.8305, 8.5565, -0.4317, -0.8454, -1.9507 
-2.3687, -3.9831, 7.8872, -0.5248, -0.7494, -2.0823 
-2.3256, -3.8736, 7.3617, -0.6304, -0.4968, -2.2205 
-2.2903, -3.3923, 7.0971, -0.7397, -0.2131, -2.3461 
-2.2472, -2.5860, 7.0953, -0.8532, 0.0289, -2.4433 
-2.2418, -1.5773, 7.3203, -0.9700, 0.1862, -2.5064 
-3.3163, -0.3490, 10.1368, -1.0649, 0.2067, -2.5310 
-5.2767, 1.0931, 15.3949, -0.8478, -1.6105, -2.3745 
-2.1041, 1.5737, 10.0745, -0.4578, -2.8991, -1.9760 
-2.6410, 2.0394, 11.0652, -0.2653, -0.9496, -1.5728 
-2.1077, 1.8407, 9.4352, 0.0726, 0.1008, -1.2473 
-2.1089, 1.5157, 9.3376, 0.3151, 1.0510, -1.0665 
-2.2789, 1.0601, 9.3945, 0.4211, 1.2219, -1.0038 
-2.2208, 0.4130, 9.2000, 0.4079, 0.9221, -1.0292 
-1.9987, -0.3238, 9.0946, 0.2902, 0.5746, -1.0906 
-1.9060, -0.9985, 9.5543, 0.1178, 0.2701, -1.1476 
-1.9197, -1.5630, 10.3283, -0.0350, -0.1302, -1.1819 
-1.6282, -1.9874, 10.4337, -0.1386, -0.4919, -1.1981 
-1.3816, -2.2657, 10.5007, -0.2055, -0.5101, -1.2092 
-1.1715, -2.4136, 10.4032, -0.2308, -0.3661, -1.2320 
-1.0751, -2.4291, 10.3140, -0.2300, -0.1679, -1.2879 
-1.1014, -2.3184, 10.3098, -0.2187, -0.0380, -1.3666 
-1.1403, -2.1197, 10.1859, -0.2003, -0.0349, -1.4579 
-1.2277, -1.8599, 10.0434, -0.1768, -0.0696, -1.5569 
-1.2900, -1.6258, 9.8650, -0.1431, -0.1274, -1.6516 
-1.2241, -1.4899, 9.5508, -0.1020, -0.1431, -1.7464 
-1.2164, -1.4486, 9.4753, -0.0579, -0.1141, -1.8382 
-1.1709, -1.4720, 9.4095, -0.0101, -0.1224, -1.9199 
-1.2319, -1.4923, 9.4418, 0.0294, -0.1129, -1.9878 
-1.3499, -1.5821, 9.5531, 0.0622, -0.1400, -2.0301 
-1.3361, -1.8030, 9.4454, 0.0921, -0.1555, -2.0548 
-1.3660, -2.1430, 9.4053, 0.1075, -0.0835, -2.0797 
-1.4839, -2.5129, 9.5759, 0.1181, -0.0304, -2.1077 
-1.5695, -2.8697, 9.7603, 0.1294, -0.0610, -2.1207 
-1.4654, -3.2283, 9.7106, 0.1368, -0.1005, -2.1222 
-1.3989, -3.4396, 9.6387, 0.1368, -0.0509, -2.1269 
-1.3888, -3.5366, 9.6525, 0.1345, 0.0012, -2.1379 
-1.4103, -3.4294, 9.5220, 0.1392, -0.0055, -2.1622 
-1.5516, -3.1229, 9.4717, 0.1593, 0.0000, -2.1811 
-1.4977, -2.7871, 9.2389, 0.2260, -0.0621, -2.1768 
-1.1858, -2.3585, 8.6690, 0.2918, 0.0522, -2.1863 
-1.3193, -1.8880, 8.9258, 0.3498, 0.2176, -2.2030 
-1.2918, -1.4798, 8.8372, 0.4308, 0.1758, -2.2032 
-1.1715, -1.1242, 8.7253, 0.5018, 0.2176, -2.1759 
-1.1170, -0.8081, 8.7127, 0.5532, 0.3262, -2.1250 
-1.1499, -0.5310, 8.8761, 0.5826, 0.4079, -2.0619 
-1.1110, -0.4148, 9.0090, 0.5892, 0.4235, -1.9908 
-0.9991, -0.4651, 9.1880, 0.5655, 0.4289, -1.9182 
-0.8817, -0.6549, 9.4771, 0.5211, 0.3951, -1.8504 
-0.7896, -0.9057, 9.8135, 0.4750, 0.3047, -1.7986 
-0.6357, -1.2182, 9.8818, 0.4441, 0.1702, -1.7737 
-0.4376, -1.5743, 9.8147, 0.4309, 0.1184, -1.7794 
-0.2915, -1.8940, 9.7962, 0.4536, 0.1417, -1.8127 
-0.0251, -2.0664, 9.5256, 0.5847, 0.3926, -1.9134 
0.1060, -2.0394, 9.3945, 0.6817, 0.5815, -1.9735 
0.2526, -1.8940, 9.0461, 0.7264, 0.8934, -2.0914 
0.6645, -1.5713, 8.3541, 0.6702, 1.2140, -2.2691 
0.8572, -1.0913, 8.3362, 0.5486, 1.1833, -2.4683 
0.7034, -0.5627, 8.8965, 0.4257, 0.7500, -2.6470 
0.2790, -0.0168, 9.9404, 0.3456, 0.1519, -2.7664 
0.2359, 0.4813, 10.2828, 0.2812, -0.1509, -2.8104 
0.2478, 0.8620, 10.4331, 0.2486, -0.2420, -2.7937 
0.1479, 1.0386, 10.4283, 0.2214, -0.2204, -2.7607 
-0.0120, 0.9254, 10.4103, 0.1993, -0.2268, -2.7258 
-0.1155, 0.7034, 10.1978, 0.1731, -0.2993, -2.7032 
-0.2670, 0.3651, 10.0314, 0.1503, -0.3844, -2.6880 
-0.3574, -0.1167, 9.7740, 0.1457, -0.4694, -2.6728 
-0.4100, -0.7052, 9.5514, 0.1494, -0.4723, -2.6570 
-0.5202, -1.2780, 9.3406, 0.1775, -0.4267, -2.6290 
-0.4603, -1.7623, 8.8312, 0.2045, -0.2964, -2.5925 
-0.4418, -2.0592, 8.4745, 0.2357, -0.0812, -2.5668 
-0.3957, -2.1005, 8.1554, 0.2946, 0.1416, -2.5422 
-0.4933, -1.9832, 8.3356, 0.3683, 0.3460, -2.5036 
-0.4011, -1.7222, 8.2560, 0.4482, 0.4607, -2.4540 
-0.5435, -1.4073, 8.6415, 0.4928, 0.5971, -2.3856 
-0.6172, -1.0488, 8.7247, 0.5424, 0.6153, -2.2908 
-0.7674, -0.6142, 9.1359, 0.5472, 0.6625, -2.1897 
-0.8518, -0.2047, 9.5041, 0.5582, 0.5840, -2.0768 
-0.8141, 0.1107, 9.7692, 0.5380, 0.5016, -1.9637 
-0.9009, 0.2424, 10.1571, 0.5019, 0.3840, -1.8506 
-0.8261, 0.2604, 10.2433, 0.4645, 0.2136, -1.7564 
-0.7297, 0.2065, 10.2805, 0.4248, 0.0804, -1.6865 
-0.6285, 0.1137, 10.2595, 0.3979, -0.0389, -1.6473 
-0.4591, 0.0491, 10.0685, 0.3831, -0.1152, -1.6407 
-0.3867, -0.0646, 9.9225, 0.3860, -0.1250, -1.6495 
-0.2538, -0.1933, 9.5927, 0.4079, -0.0843, -1.6745 
-0.1556, -0.2712, 9.3376, 0.4372, 0.0447, -1.7198 
-0.0856, -0.2610, 9.0976, 0.4855, 0.2117, -1.7713 
-0.0371, -0.1467, 9.0371, 0.5342, 0.4075, -1.8218 
-0.0754, 0.0491, 9.2491, 0.5791, 0.5703, -1.8531 
-0.1628, 0.3053, 9.6148, 0.6026, 0.6474, -1.8523 
-0.2203, 0.5196, 10.0943, 0.5831, 0.6518, -1.8259 
-0.3472, 0.6633, 10.6630, 0.5338, 0.5352, -1.7837 
-0.4400, 0.8045, 10.9425, 0.4524, 0.3507, -1.7362 
-0.5196, 0.9841, 11.1843, 0.3729, 0.1828, -1.6806 
-0.5034, 1.1433, 11.3448, 0.2859, 0.0310, -1.6139 
-0.5232, 1.1721, 11.4627, 0.1959, -0.1406, -1.5322 
-0.5052, 1.1098, 11.3442, 0.1132, -0.3139, -1.4657 
-0.4927, 0.9799, 11.1610, 0.0463, -0.4119, -1.4198 
-0.4663, 0.8129, 10.8300, 0.0040, -0.4268, -1.3877 
-0.4603, 0.5795, 10.4977, -0.0201, -0.3430, -1.3684 
-0.6184, 0.2167, 10.2158, -0.0176, -0.2318, -1.3560 
-0.7369, -0.0934, 9.8536, -0.0003, -0.1531, -1.3680 
-0.9201, -0.3849, 9.8147, 0.0116, -0.1257, -1.3925 
-0.9997, -0.5597, 9.7303, 0.0345, -0.2145, -1.4250 
-0.9428, -0.6716, 9.4957, 0.0487, -0.3216, -1.4627 
-0.9356, -0.8327, 9.3993, 0.0579, -0.3864, -1.4873 
-0.8949, -0.9578, 9.3005, 0.0909, -0.4675, -1.5050 
-0.7728, -1.0338, 9.2293, 0.1208, -0.5312, -1.5102 
-0.6082, -1.0476, 9.1676, 0.1530, -0.5657, -1.4943 
-0.4035, -1.0290, 9.0611, 0.1804, -0.5396, -1.4575 
-0.1868, -1.0517, 9.0210, 0.2096, -0.4390, -1.4027 
0.0712, -0.9578, 8.8109, 0.2635, -0.2400, -1.3353 
0.1640, -0.9021, 9.0078, 0.2791, 0.0505, -1.2648 
0.0820, -0.8895, 9.5681, 0.2800, 0.1840, -1.2017 
0.1137, -0.9111, 10.0302, 0.2491, 0.1068, -1.1640 
0.1832, -1.0170, 10.2811, 0.1988, -0.0241, -1.1303 
0.2305, -1.1332, 10.3014, 0.1597, -0.0571, -1.1112 
0.1916, -1.2589, 10.3583, 0.1196, 0.0040, -1.1127 
0.0844, -1.3654, 10.3738, 0.0787, 0.0575, -1.1320 
-0.0778, -1.4414, 10.4385, 0.0542, 0.0518, -1.1694 
-0.2628, -1.4929, 10.4630, 0.0478, -0.0481, -1.2238 
-0.3328, -1.5779, 10.3601, 0.0577, -0.1874, -1.2995 
-0.3011, -1.6480, 10.1218, 0.0679, -0.2738, -1.3784 
-0.2167, -1.6893, 9.8471, 0.0767, -0.2690, -1.4507 
-0.1089, -1.6635, 9.5633, 0.0804, -0.2028, -1.5143 
-0.0030, -1.5857, 9.3472, 0.0831, -0.0925, -1.5692 
0.0850, -1.4564, 9.2688, 0.0806, 0.0258, -1.6141 
0.1562, -1.3546, 9.2664, 0.0754, 0.1109, -1.6463 
0.1155, -1.2086, 9.5106, 0.0919, 0.1645, -1.6700 
0.1018, -1.0374, 9.6932, 0.0943, 0.1076, -1.6938 
0.0922, -0.8434, 9.8351, 0.0977, 0.0276, -1.7127 
0.1377, -0.6621, 9.8794, 0.0940, -0.0274, -1.7291 
0.1987, -0.5447, 9.9853, 0.0883, -0.0268, -1.7338 
0.2179, -0.5381, 10.2074, 0.0750, -0.0312, -1.7316 
0.3143, -0.6710, 10.2164, 0.0511, -0.0679, -1.7219 
0.3107, -0.8153, 10.2176, 0.0458, -0.0609, -1.7117 
0.3262, -1.0152, 9.9782, 0.0362, -0.0812, -1.7322 
0.3250, -1.2349, 9.7597, 0.0469, -0.0731, -1.7813 
0.3897, -1.4570, 9.4538, 0.0639, -0.0635, -1.8539 
0.3586, -1.6174, 9.2485, 0.0884, -0.0232, -1.9309 
0.4088, -1.7461, 8.9031, 0.0951, -0.0072, -2.0234 
0.4597, -1.8156, 8.5726, 0.1200, 0.0842, -2.1117 
0.4418, -1.8263, 8.4200, 0.1547, 0.2326, -2.1936 
0.4861, -1.8138, 8.2350, 0.1788, 0.3794, -2.2703 
0.4244, -1.7330, 8.3116, 0.2210, 0.5797, -2.3330 
0.3843, -1.5929, 8.4361, 0.2442, 0.7251, -2.3996 
0.3675, -1.4157, 8.5852, 0.2617, 0.8196, -2.4587 
0.3310, -1.2601, 8.7702, 0.2838, 0.8702, -2.5076 
0.2299, -1.1499, 9.0222, 0.3153, 0.8633, -2.5491 
0.0952, -1.1152, 9.3251, 0.3606, 0.7845, -2.5805 
0.0174, -1.0565, 9.6471, 0.4083, 0.6658, -2.6065 
0.0215, -0.9374, 9.8728, 0.4374, 0.5192, -2.6242 
0.0335, -0.8027, 10.0260, 0.4461, 0.3972, -2.6346 
-0.0641, -0.6609, 10.2966, 0.4482, 0.2999, -2.6466 
-0.0880, -0.5274, 10.3403, 0.4346, 0.1703, -2.6683 
-0.0281, -0.4244, 10.2272, 0.4060, 0.1274, -2.6983 
-0.0084, -0.3969, 10.1470, 0.3903, 0.1876, -2.7157 
-0.1365, -0.3999, 10.2116, 0.3721, 0.2667, -2.7296 
-0.3244, -0.5453, 10.1907, 0.3438, 0.2386, -2.7573 
-0.5208, -0.6938, 10.0985, 0.3626, 0.2000, -2.7919 
-0.5328, -0.7548, 9.8698, 0.3650, 0.1609, -2.8466 
-0.4202, -0.7955, 9.5478, 0.3678, 0.1779, -2.8887 
-0.3526, -0.8351, 9.3544, 0.3922, 0.2807, -2.9073 
-0.3406, -0.8800, 9.4131, 0.4103, 0.3838, -2.9152 
-0.3364, -0.8800, 9.5514, 0.4468, 0.3888, -2.9019 
-0.3095, -0.8913, 9.7525, 0.4348, 0.3250, -2.8847 
-0.2987, -0.9823, 9.7525, 0.4722, 0.2091, -2.8330 
-0.1389, -0.9787, 9.5160, 0.4872, 0.1662, -2.7959 
0.0263, -0.8901, 9.3059, 0.4685, 0.1868, -2.7610 
0.0437, -0.8650, 9.3700, 0.4950, 0.2233, -2.7079 
0.0569, -0.8883, 9.3837, 0.5606, 0.2273, -2.6149 
-0.0269, -0.9254, 9.7543, 0.5797, 0.1024, -2.5704 
-0.1077, -0.9266, 10.1565, 0.5346, -0.1061, -2.5433 
-0.0605, -0.8069, 10.4283, 0.4963, -0.2910, -2.4888 
-0.0635, -0.6782, 10.5684, 0.4510, -0.3642, -2.4403 
-0.0874, -0.5549, 10.5726, 0.4100, -0.3571, -2.4136 
-0.1287, -0.4094, 10.5283, 0.3665, -0.3049, -2.4037 
-0.1754, -0.2628, 10.4534, 0.3209, -0.2601, -2.4096 
-0.2191, -0.1724, 10.4445, 0.2832, -0.2422, -2.4178 
-0.3304, -0.1586, 10.2769, 0.2570, -0.2316, -2.4303 
-0.3460, -0.1670, 10.0392, 0.2454, -0.1904, -2.4568 
-0.3268, -0.1676, 9.8177, 0.2404, -0.1073, -2.4988 
-0.3053, -0.1808, 9.7363, 0.2401, -0.0096, -2.5551 
-0.2748, -0.1910, 9.8064, 0.2308, 0.0687, -2.6153 
-0.2879, -0.1508, 10.0314, 0.2156, 0.1100, -2.6620 
-0.2760, -0.0670, 10.1877, 0.2001, 0.1147, -2.6767 
-0.2622, 0.0539, 10.2840, 0.1539, 0.1147, -2.6624 
-0.3137, 0.1072, 10.2589, 0.1194, 0.1288, -2.6094 
-0.4053, 0.0970, 10.1619, 0.0827, 0.1618, -2.5622 
-0.5148, 0.1024, 9.9877, 0.0619, 0.2274, -2.5298 
-0.5483, 0.1305, 9.8375, 0.0502, 0.3314, -2.5141 
-0.5298, 0.1149, 9.8501, 0.0495, 0.4461, -2.4967 
-0.5411, 0.0287, 10.0362, 0.0471, 0.4880, -2.4787 
-0.5585, -0.0587, 10.0889, 0.0467, 0.4255, -2.4606 
-0.6740, 0.0850, 9.9482, 0.0466, 0.3229, -2.4576 
-0.8865, 0.3795, 9.6992, 0.0663, 0.2747, -2.4628 
-1.0769, 0.5058, 9.7190, 0.0952, 0.2501, -2.4578 
-1.2846, 0.4933, 9.8728, 0.1092, 0.1637, -2.4193 
-1.5127, 0.5717, 9.8782, 0.1143, 0.0344, -2.3599 
-1.6462, 0.7435, 9.8596, 0.1184, -0.0433, -2.2820 
-1.7318, 0.9171, 9.9782, 0.1161, -0.0895, -2.1792 
-1.8515, 1.0021, 10.1733, 0.1059, -0.1582, -2.0580 
-1.9323, 0.9835, 10.4139, 0.0738, -0.2422, -1.9451 
-1.8886, 0.9338, 10.6935, 0.0312, -0.3550, -1.8608 
-1.6587, 0.9003, 10.8821, -0.0209, -0.4834, -1.8146 
-1.3325, 0.8369, 10.8916, -0.0803, -0.5642, -1.7920 
-0.9859, 0.7453, 10.7061, -0.1546, -0.5470, -1.7869 
-0.6944, 0.5747, 10.4169, -0.2494, -0.4176, -1.7946 
-0.4849, 0.2945, 10.1637, -0.3340, -0.1766, -1.8153 
-0.5160, 0.1808, 10.0560, -0.3570, 0.0988, -1.8049 
-0.5298, -0.1072, 9.9434, -0.3742, 0.2669, -1.7671 
-0.3915, -0.1604, 9.7339, -0.3549, 0.3461, -1.7380 
-0.2059, -0.1263, 9.4969, -0.3304, 0.3630, -1.7310 
-0.0952, -0.1197, 9.2898, -0.2798, 0.3490, -1.7170 
-0.0994, -0.1287, 9.0898, -0.2121, 0.2999, -1.7011 
-0.2442, -0.1263, 8.9390, -0.1329, 0.2148, -1.6974 
-0.4370, -0.1239, 8.8594, -0.0475, 0.0919, -1.7090 
-0.6315, -0.0724, 8.8109, 0.0377, -0.0345, -1.7458 
-0.7483, 0.0114, 8.8240, 0.1105, -0.1305, -1.8034 
-0.6896, 0.0976, 8.7786, 0.1696, -0.1498, -1.8683 
-0.5567, 0.1868, 8.8522, 0.2085, -0.0623, -1.9206 
-0.4166, 0.2275, 9.1096, 0.2272, 0.0285, -1.9511 
-0.2658, 0.2311, 9.3556, 0.2386, 0.0533, -1.9484 
-0.0269, 0.1796, 9.5310, 0.2405, 0.0222, -1.9266 
0.3095, 0.1347, 9.5687, 0.2425, -0.0073, -1.8837 
0.6537, 0.0623, 9.5508, 0.2434, -0.0015, -1.8185 
0.9536, -0.0413, 9.5268, 0.2533, 0.0176, -1.7370 
1.1625, -0.1317, 9.5035, 0.2673, 0.0237, -1.6468 
1.2577, -0.1227, 9.5382, 0.2867, 0.0055, -1.5532 
1.1870, -0.1125, 9.6010, 0.3039, -0.0360, -1.4710 
0.9620, -0.1227, 9.7196, 0.3144, -0.0975, -1.4102 
0.7411, -0.2125, 9.9123, 0.3228, -0.1822, -1.3781 
0.6830, -0.3628, 10.0602, 0.3245, -0.2611, -1.3806 
0.7997, -0.4142, 10.1619, 0.3033, -0.3143, -1.4290 
1.0877, -0.3161, 9.9021, 0.2955, -0.2633, -1.5039 
1.1439, -0.0569, 9.7082, 0.2802, -0.0483, -1.5473 
1.1427, 0.0736, 9.5795, 0.2301, 0.1641, -1.5352 
0.9596, 0.1060, 9.5933, 0.1932, 0.3788, -1.5131 
0.7955, 0.1119, 9.6190, 0.1692, 0.5541, -1.5094 
0.7453, 0.1359, 9.6172, 0.1581, 0.7004, -1.5075 
0.7902, 0.1784, 9.5178, 0.1485, 0.8179, -1.4926 
0.7267, 0.2185, 9.5430, 0.1502, 0.9510, -1.4605 
0.4950, 0.2388, 9.6579, 0.2003, 1.0239, -1.4170 
0.1048, 0.3502, 11.6692, 0.2123, 0.7907, -1.3817 
-0.0760, 0.2065, 11.0550, 0.0870, 0.1362, -1.4025 
-0.0491, 0.1042, 10.3720, 0.0716, -0.0388, -1.4597 
0.0323, 0.1904, 10.3259, 0.0820, 0.0264, -1.5312 
0.0108, 0.2257, 10.1829, 0.0652, 0.0422, -1.6191 
0.0515, 0.2035, 10.1966, 0.0704, 0.0430, -1.7151 
0.2484, 0.1060, 10.1051, 0.0674, -0.0450, -1.8014 
0.5058, 0.0156, 9.9997, 0.0740, -0.1004, -1.8407 
0.6543, -0.0263, 9.9327, 0.0683, -0.0672, -1.8502 
0.6357, -0.0215, 9.9003, 0.0531, 0.0326, -1.8427 
0.5268, 0.0150, 9.9099, 0.0350, 0.1302, -1.8475 
0.3705, 0.1042, 9.9398, 0.0200, 0.1900, -1.8616 
0.2879, 0.1969, 9.8776, 0.0224, 0.2228, -1.8639 
0.1778, 0.2957, 10.0422, 0.0186, 0.2719, -1.8480 
0.0539, 0.3346, 10.2385, -0.0049, 0.2685, -1.8177 
-0.0712, 0.3059, 10.3008, -0.0357, 0.2104, -1.7813 
-0.1371, 0.2975, 10.1829, -0.0601, 0.1481, -1.7644 
-0.1431, 0.3113, 9.9859, -0.0659, 0.1412, -1.7585 
-0.1497, 0.2676, 9.8740, -0.0587, 0.1934, -1.7568 
-0.1550, 0.2203, 9.8914, -0.0529, 0.2546, -1.7632 
-0.1904, 0.2089, 10.0326, -0.0550, 0.2751, -1.7621 
-0.1963, 0.2263, 10.1440, -0.0684, 0.2326, -1.7611 
-0.2299, 0.2514, 10.2290, -0.0891, 0.1551, -1.7656 
-0.2478, 0.2526, 10.2523, -0.1095, 0.0743, -1.7708 
-0.2574, 0.2143, 10.2709, -0.1329, 0.0120, -1.7673 
-0.2604, 0.1449, 10.1901, -0.1518, -0.0256, -1.7503 
-0.2532, 0.0688, 10.0009, -0.1599, -0.0209, -1.7278 
-0.2795, 0.0078, 9.8201, -0.1571, 0.0224, -1.7130 
-0.3604, -0.0096, 9.6579, -0.1414, 0.0498, -1.7215 
-0.4502, 0.0108, 9.5777, -0.1185, 0.0503, -1.7492 
-0.5399, 0.0712, 9.6214, -0.0981, -0.0032, -1.7760 
-0.6214, 0.1257, 9.7184, -0.0779, -0.1253, -1.7882 
-0.6968, 0.1610, 9.8393, -0.0734, -0.2995, -1.7848 
-0.7369, 0.1754, 9.9428, -0.0712, -0.4991, -1.7532 
-0.6561, 0.1646, 9.8806, -0.0625, -0.6818, -1.6893 
-0.4903, 0.0934, 9.7333, -0.0530, -0.7853, -1.6043 
-0.2993, -0.0251, 9.4795, -0.0333, -0.7717, -1.5086 
-0.2077, -0.2011, 9.3335, -0.0168, -0.6263, -1.4222 
-0.1592, -0.3466, 9.2676, -0.0065, -0.4271, -1.3614 
0.0000, -0.4729, 9.2910, 0.0013, -0.2491, -1.3182 
0.2514, -0.6411, 9.3819, -0.0137, -0.0361, -1.2624 
0.4065, -0.8123, 9.4352, -0.0361, 0.1999, -1.1797 
0.4579, -0.9554, 9.5819, -0.0473, 0.3440, -1.1086 
0.4735, -1.1176, 9.6555, -0.0455, 0.3518, -1.0658 
0.4041, -1.2846, 9.6663, -0.0391, 0.2661, -1.0577 
0.3041, -1.3971, 9.5460, -0.0105, 0.1174, -1.0933 
0.1886, -1.3995, 9.5777, 0.0617, -0.2820, -1.2555 
0.0623, -1.3121, 9.7866, 0.0872, -0.4888, -1.3275 
-0.0192, -1.2098, 9.9464, 0.0846, -0.6343, -1.3852 
-0.0790, -1.0841, 10.0638, 0.0634, -0.6777, -1.4314 
-0.0658, -0.7536, 10.0087, 0.0365, -0.5291, -1.4488 
0.0652, -0.3855, 9.7920, 0.0013, -0.1824, -1.4419 
0.1018, -0.0305, 9.5406, -0.0479, 0.1899, -1.4298 
-0.0233, 0.2173, 9.5083, -0.0645, 0.4641, -1.4031 
-0.6004, 0.0952, 9.2904, -0.0467, 0.6160, -1.4029 
-0.7285, -0.0814, 9.3101, 0.0025, 0.6348, -1.4178 
-0.6842, -0.1622, 9.3005, 0.0467, 0.5646, -1.4228 
-0.4280, -0.2682, 9.3466, 0.0939, 0.4710, -1.3838 
-0.0545, -0.4795, 9.5118, 0.1365, 0.3647, -1.2999 
0.1161, -0.7405, 9.6615, 0.1530, 0.2137, -1.2034 
0.0126, -0.7854, 9.7285, 0.1618, 0.0537, -1.1427 
-0.2442, -0.5094, 9.8513, 0.1766, -0.1515, -1.1388 
-0.5597, -0.1329, 9.9153, 0.2085, -0.4393, -1.1712 
-1.0673, 0.4992, 9.6370, 0.2456, -0.7181, -1.2620 
-1.1356, 0.9865, 9.5705, 0.2983, -0.8466, -1.4097 
-1.0757, 1.2517, 9.6783, 0.3364, -0.9265, -1.5278 
-0.4460, 1.2589, 9.2107, 0.3718, -0.8279, -1.6002 
0.0090, 1.2607, 9.4628, 0.3212, -0.1699, -1.6483 
0.0419, 1.0350, 9.9434, 0.1318, 0.3258, -1.6740 
-0.4496, 0.8518, 10.5031, 0.0894, 0.4667, -1.6332 
-0.6806, 0.6423, 10.2595, 0.0539, 0.2445, -1.6240 
-0.6004, 0.5148, 9.6334, 0.0832, 0.1242, -1.6122 
-0.3083, 0.4573, 9.0892, 0.1346, 0.1945, -1.5693 
0.0239, 0.2664, 8.7833, 0.2076, 0.3385, -1.4595 
0.1634, 0.0856, 8.8187, 0.2826, 0.4247, -1.3131 
0.2005, -0.0024, 9.0419, 0.3481, 0.3776, -1.1738 
0.3741, -0.1628, 9.3939, 0.3979, 0.2051, -1.0524 
1.0338, -0.4316, 9.6328, 0.4847, 0.1336, -0.9955 
1.0745, 0.0293, 12.5719, 0.5516, 0.1233, -1.0214 
0.8231, -0.2598, 11.4819, 0.4514, -0.6502, -0.9921 
1.4103, -0.5759, 9.4406, 0.3964, -0.4601, -1.0352 
0.6854, -0.6249, 10.3170, 0.3806, 0.3862, -1.1127 
-0.1443, -0.6800, 10.5941, 0.4718, 0.1762, -1.2088 
0.1904, -0.5830, 9.7585, 0.6078, -0.2212, -1.3252 
0.1425, -0.5310, 9.5448, 0.6638, 0.2069, -1.4159 
0.1257, -0.4184, 9.6801, 0.6787, 0.4962, -1.4696 
0.2556, -0.3442, 9.8465, 0.6457, 0.5737, -1.4749 
0.7495, -0.2263, 9.8902, 0.5753, 0.5176, -1.3957 
1.0661, -0.1024, 10.0578, 0.4655, 0.4420, -1.2204 
1.1338, -0.1287, 10.0506, 0.3382, 0.3320, -1.0166 
0.9829, -0.2239, 10.0584, 0.2132, 0.2286, -0.8413 
0.8285, -0.1502, 10.0632, 0.1059, 0.1196, -0.7060 
0.6794, 0.0569, 10.0512, 0.0289, 0.0316, -0.5988 
0.4909, 0.2472, 10.0865, -0.0184, -0.0246, -0.5199 
0.3933, 0.4358, 10.0422, -0.0501, -0.0662, -0.4673 
0.3544, 0.6399, 10.0482, -0.0880, -0.0856, -0.4252 
0.1137, 0.7920, 10.0638, -0.1549, -0.1438, -0.3918 
-0.0557, 0.9093, 10.0147, -0.2300, -0.2354, -0.4101 
-0.0886, 0.9811, 10.0093, -0.3101, -0.2629, -0.4782 
0.0724, 1.0146, 9.7459, -0.4028, -0.1762, -0.5674 
0.1796, 0.9242, 9.6423, -0.4990, 0.0812, -0.6717 
0.2209, 0.7806, 9.6812, -0.5730, 0.3049, -0.7881 
0.2885, 0.7273, 9.6944, -0.6195, 0.4267, -0.9079 
0.4238, 0.7548, 9.6944, -0.6453, 0.5223, -1.0216 
0.5256, 0.6752, 9.7609, -0.6436, 0.6394, -1.1166 
0.3197, 0.5597, 10.2242, -0.6052, 0.7405, -1.2019 
0.1748, 0.1119, 9.4795, -0.4352, 0.6846, -1.2588 
0.1892, -0.1329, 9.2083, -0.1011, 0.9994, -1.2752 
0.2682, -0.0784, 9.5100, 0.1136, 1.3472, -1.2990 
0.3550, 0.0311, 9.6854, 0.1756, 1.4439, -1.3311 
0.3125, 0.1389, 9.9081, 0.1791, 1.4342, -1.3624 
0.2113, 0.1089, 10.0099, 0.1611, 1.3295, -1.4083 
0.0299, 0.0503, 10.0159, 0.1439, 1.1806, -1.4813 
-0.1850, 0.0599, 10.0278, 0.1372, 0.9727, -1.5821 
-0.2981, 0.0838, 9.9428, 0.1421, 0.7119, -1.6894 
-0.4304, 0.1401, 9.9865, 0.1431, 0.4316, -1.7982 
-0.4819, 0.2089, 10.0650, 0.1268, 0.1172, -1.9066 
-0.4166, 0.2897, 10.1332, 0.0810, -0.1842, -2.0033 
-0.3191, 0.4256, 10.2709, 0.0265, -0.4586, -2.0639 
-0.0742, 0.5621, 10.0344, 0.0174, -0.6014, -2.0475 
0.2083, 0.5513, 9.7704, 0.0479, -0.4835, -1.9508 
0.4071, 0.3669, 9.7447, 0.0879, -0.1755, -1.8210 
0.5495, 0.1514, 9.7621, 0.1144, 0.1798, -1.7206 
0.5741, 0.0790, 9.8159, 0.1226, 0.5135, -1.6636 
0.5836, 0.0958, 9.7202, 0.1308, 0.7918, -1.6141 
0.4783, 0.0389, 9.7423, 0.1499, 1.0249, -1.5668 
0.3801, -0.0940, 9.6747, 0.1859, 1.1495, -1.5412 
0.2484, -0.2400, 9.6034, 0.2132, 1.2107, -1.5461 
-0.0515, -0.3376, 9.7573, 0.2302, 1.2126, -1.5750 
-0.3143, -0.4047, 9.7166, 0.2394, 1.1421, -1.6203 
-0.6692, -0.4340, 9.9081, 0.2490, 1.0110, -1.6754 
-0.8033, -0.4023, 9.7944, 0.2607, 0.8295, -1.7482 
-1.0063, -0.3011, 10.0171, 0.2478, 0.6918, -1.8294 
-1.1409, -0.2095, 10.0620, 0.2274, 0.5209, -1.8990 
-1.2176, -0.2029, 10.0141, 0.2051, 0.3926, -1.9487 
-1.2852, -0.2179, 10.0644, 0.1848, 0.3607, -1.9908 
-1.1858, -0.2221, 9.7495, 0.1851, 0.3887, -2.0139 
-1.3062, -0.2592, 9.7100, 0.1957, 0.5834, -2.0158 
-1.4510, -0.3232, 9.5029, 0.2461, 0.7707, -1.9921 
-1.5354, -0.4047, 9.2718, 0.3064, 0.9883, -1.9607 
-1.6234, -0.4555, 9.2401, 0.3493, 1.2094, -1.9313 
-1.8006, -0.4603, 9.3245, 0.3780, 1.3347, -1.8964 
-2.0742, -0.3759, 9.6118, 0.3894, 1.3600, -1.8671 
-2.3795, -0.3232, 9.7627, 0.3802, 1.2407, -1.8420 
-2.6979, -0.3651, 9.9189, 0.3342, 1.0560, -1.8430 
-2.8673, -0.4160, 10.0374, 0.2713, 0.7718, -1.8609 
-2.9721, -0.4160, 10.1871, 0.1928, 0.4197, -1.8657 
-3.0691, -0.3442, 10.3451, 0.1216, 0.0013, -1.8471 
-3.0319, -0.2460, 10.2667, 0.0546, -0.3843, -1.8127 
-3.0056, -0.1760, 10.2206, -0.0087, -0.6835, -1.7607 
-2.8996, -0.1604, 10.1488, -0.0651, -0.8994, -1.7007 
-2.6949, -0.1544, 10.0913, -0.1133, -1.0200, -1.6267 
-2.3866, -0.0982, 9.9668, -0.1501, -0.9984, -1.5422 
-2.0556, -0.0868, 9.7148, -0.1658, -0.8076, -1.4465 
-1.6881, -0.1089, 9.3927, -0.1522, -0.4357, -1.3520 
-1.4037, -0.1622, 9.1688, -0.0993, 0.1077, -1.2567 
-1.2559, -0.2089, 9.1461, -0.0304, 0.6590, -1.1737 
-1.1864, -0.3550, 9.1293, 0.0130, 1.0903, -1.1170 
-1.1763, -0.5226, 9.0509, 0.0569, 1.3961, -1.0898 
-1.2415, -0.6932, 9.0437, 0.1015, 1.5933, -1.0853 
-1.6797, -0.7961, 9.2928, 0.1413, 1.6608, -1.1230 
-2.1646, -0.8183, 9.8560, 0.1578, 1.5175, -1.2428 
-2.2825, -0.7195, 10.3146, 0.1232, 1.1296, -1.3985 
-2.3777, -0.5016, 10.8036, 0.0278, 0.5879, -1.5288 
-2.4393, -0.3161, 10.8862, -0.0618, -0.0928, -1.6295 
-2.4435, -0.1287, 11.0467, -0.1459, -0.7297, -1.7342 
-2.2286, 0.0784, 11.0485, -0.2340, -1.2788, -1.8165 
-1.8748, 0.2676, 11.0892, -0.4236, -1.9138, -1.8217 
-1.4642, 0.3723, 10.9150, -0.4735, -2.0094, -1.7644 
-1.1146, 0.3472, 10.6049, -0.4983, -1.8792, -1.7155 
-0.7225, 0.1838, 10.0278, -0.4987, -1.5853, -1.6830 
-0.5944, -0.0443, 9.8411, -0.4599, -1.2706, -1.6740 
-0.4591, -0.2724, 9.5376, -0.4133, -0.9265, -1.6813 
-0.3292, -0.4801, 9.2251, -0.3807, -0.5767, -1.7042 
-0.2634, -0.6908, 8.9940, -0.3569, -0.3235, -1.7496 
-0.5591, -1.0134, 9.2293, -0.3376, -0.2530, -1.8210 
-0.7351, -1.1230, 9.3706, -0.3357, -0.3188, -1.9158 
-0.9177, -1.2050, 9.6094, -0.3535, -0.5044, -2.0259 
-0.9494, -1.2367, 9.6220, -0.3967, -0.7789, -2.1479 
-0.9248, -1.2379, 9.6651, -0.5088, -1.0138, -2.2865 
-1.0410, -1.2349, 10.0518, -0.6323, -1.2716, -2.4186 
-1.3139, -1.2463, 10.6683, -0.6557, -1.6131, -2.5225 
-1.2960, -1.1852, 10.5552, -0.5109, -1.9186, -2.5812 
-0.9039, -1.1008, 9.9207, -0.3988, -1.8235, -2.6121 
-0.5543, -1.0302, 9.3562, -0.3420, -1.3999, -2.5948 
-0.2993, -0.9560, 9.0964, -0.2915, -0.8996, -2.5409 
-0.1574, -0.8369, 9.0719, -0.2545, -0.5010, -2.4584 
-0.1556, -0.6878, 9.1323, -0.2438, -0.2822, -2.3571 
-0.2185, -0.5214, 9.1389, -0.2503, -0.2089, -2.2555 
-0.2191, -0.3526, 9.0497, -0.2630, -0.1904, -2.1575 
-0.1742, -0.2311, 8.9396, -0.2730, -0.1700, -2.0571 
-0.1778, -0.2287, 8.8821, -0.2888, -0.1463, -1.9600 
-0.2897, -0.3316, 9.0545, -0.2482, -0.0786, -1.8617 
-0.4693, -0.4029, 9.4173, -0.1726, -0.0080, -1.7820 
-0.6483, -0.4460, 9.7920, -0.1458, -0.0477, -1.7308 
-0.7536, -0.5381, 9.9566, -0.1767, -0.1936, -1.6954 
-0.7267, -0.6962, 9.9003, -0.2129, -0.3272, -1.6556 
-0.7279, -0.8530, 9.8363, -0.2020, -0.3326, -1.5896 
-0.8369, -0.9697, 9.8914, -0.1722, -0.2920, -1.5162 
-0.9398, -1.0679, 9.8566, -0.1679, -0.2979, -1.4643 
-0.9895, -1.2140, 9.6998, -0.1832, -0.2872, -1.4276 
-1.0589, -1.3301, 9.6226, -0.1860, -0.2385, -1.3922 
-1.1068, -1.3283, 9.5885, -0.1653, -0.2595, -1.3521 
-1.0931, -1.2565, 9.4077, -0.1200, -0.3619, -1.3062 
-1.0194, -1.1284, 9.1599, -0.0517, -0.4296, -1.2552 
-0.8817, -1.0075, 8.9587, 0.0049, -0.4368, -1.2053 
-0.6339, -0.8404, 8.8612, 0.0194, -0.3840, -1.1477 
-0.2706, -0.6064, 8.8552, -0.0024, -0.2611, -1.0616 
0.0892, -0.3657, 8.9306, -0.0513, -0.0683, -0.9363 
0.3376, -0.1814, 9.0946, -0.1128, 0.1569, -0.7827 
0.3915, -0.1191, 9.2736, -0.1750, 0.3444, -0.6251 
0.2873, -0.1987, 9.4843, -0.2176, 0.4534, -0.4880 
0.0629, -0.3903, 9.7226, -0.2372, 0.4690, -0.3832 
-0.2131, -0.6261, 10.0081, -0.2286, 0.3784, -0.3137 
-0.4430, -0.8380, 10.2924, -0.1948, 0.1847, -0.2689 
-0.6112, -1.0164, 10.5115, -0.1475, -0.0682, -0.2368 
-0.7213, -1.1918, 10.5768, -0.1024, -0.3139, -0.2191 
-0.7716, -1.3403, 10.4600, -0.0607, -0.5007, -0.2144 
-0.7429, -1.4223, 10.1757, -0.0204, -0.6067, -0.2181 
-0.6237, -1.4277, 9.8231, 0.0206, -0.6165, -0.2189 
-0.4130, -1.3624, 9.5041, 0.0569, -0.5374, -0.2044 
-0.1574, -1.2397, 9.2509, 0.0815, -0.3927, -0.1666 
0.0401, -1.1068, 9.0162, 0.0904, -0.1882, -0.1044 
0.1766, -1.0194, 8.8594, 0.0806, 0.0706, -0.0210 
0.2017, -0.9799, 8.8258, 0.0557, 0.3462, 0.0771 
0.1018, -0.9446, 8.9599, 0.0234, 0.5667, 0.1799 
-0.0892, -0.8704, 9.2221, -0.0075, 0.6540, 0.2795 
-0.2921, -0.7848, 9.5334, -0.0252, 0.5801, 0.3738 
-0.4262, -0.7542, 9.8339, -0.0257, 0.3916, 0.4687 
-0.4567, -0.8105, 10.0733, -0.0161, 0.1685, 0.5554 
-0.4633, -0.9458, 10.2128, -0.0033, -0.0209, 0.6329 
-0.4855, -1.1374, 10.2882, 0.0182, -0.1396, 0.6878 
-0.5034, -1.3217, 10.3397, 0.0554, -0.1932, 0.7235 
-0.5016, -1.4211, 10.3912, 0.1121, -0.2093, 0.7510 
-0.3927, -1.4289, 10.3247, 0.1862, -0.1807, 0.7846 
-0.1754, -1.3989, 10.1410, 0.2859, -0.0740, 0.8328 
0.0658, -1.3768, 9.8752, 0.4033, 0.1437, 0.9019 
0.2053, -1.4193, 9.7112, 0.5313, 0.4575, 0.9769 
0.1640, -1.5474, 9.7561, 0.6601, 0.7854, 1.0347 
-0.0269, -1.6953, 10.0213, 0.7777, 1.0255, 1.0657 
-0.2478, -1.7820, 10.4032, 0.8807, 1.1171, 1.0704 
-0.4071, -1.7785, 10.6785, 0.9673, 1.0795, 1.0593 
-0.5070, -1.6887, 10.7647, 1.0455, 0.9874, 1.0432 
-0.5705, -1.5468, 10.7641, 1.1279, 0.8962, 1.0348 
-0.6261, -1.3756, 10.8072, 1.2172, 0.7835, 1.0424 
-0.6088, -1.1852, 10.8473, 1.3086, 0.6221, 1.0626 
-0.5100, -1.0362, 10.7905, 1.3890, 0.4542, 1.0951 
-0.4053, -0.9362, 10.6193, 1.4541, 0.3400, 1.1224 
-0.3316, -0.8740, 10.4253, 1.5119, 0.2959, 1.1293 
-0.2748, -0.8464, 10.3002, 1.5656, 0.2928, 1.1122 
-0.2173, -0.8021, 10.2487, 1.6093, 0.2966, 1.0814 
-0.1580, -0.6848, 10.1901, 1.6430, 0.2914, 1.0476 
-0.0533, -0.4879, 10.0500, 1.6671, 0.2948, 1.0166 
0.0778, -0.2610, 9.8692, 1.6849, 0.3396, 0.9891 
0.1676, -0.0736, 9.7261, 1.6921, 0.4341, 0.9620 
0.1754, 0.0347, 9.6477, 1.6820, 0.5565, 0.9257 
0.0658, 0.0970, 9.6310, 1.6512, 0.6763, 0.8719 
-0.1060, 0.1125, 9.6872, 1.6067, 0.7677, 0.8003 
-0.3149, 0.1431, 9.7848, 1.5444, 0.8064, 0.7192 
-0.5088, 0.2436, 9.7992, 1.4732, 0.7928, 0.6404 
-0.6728, 0.4334, 9.7393, 1.4029, 0.7586, 0.5730 
-0.8087, 0.6938, 9.6854, 1.3391, 0.7180, 0.5338 
-0.9644, 0.9482, 9.6759, 1.2798, 0.6493, 0.5263 
-1.1577, 1.1469, 9.6956, 1.2219, 0.5417, 0.5428 
-1.3744, 1.3080, 9.7507, 1.1652, 0.3936, 0.5705 
-1.5630, 1.4606, 9.7591, 1.1096, 0.2229, 0.6091 
-1.6587, 1.6192, 9.7357, 1.0578, 0.0590, 0.6635 
-1.6079, 1.8257, 9.6789, 1.0155, -0.0960, 0.7436 
-1.4199, 2.0694, 9.5873, 0.9737, -0.2353, 0.8496 
-1.1876, 2.2430, 9.4837, 0.9311, -0.3215, 0.9530 
-0.9781, 2.2723, 9.4059, 0.8779, -0.3470, 1.0291 
-0.8273, 2.1945, 9.3341, 0.8154, -0.3314, 1.0554 
-0.7261, 2.0790, 9.3047, 0.7461, -0.2944, 1.0249 
-0.6555, 2.0077, 9.2700, 0.6737, -0.2530, 0.9476 
-0.5759, 2.0101, 9.2544, 0.5972, -0.2175, 0.8484 
-0.4944, 2.0945, 9.2215, 0.5185, -0.1872, 0.7450 
-0.4292, 2.1987, 9.1287, 0.4401, -0.1495, 0.6496 
-0.3957, 2.2813, 9.0216, 0.3615, -0.0879, 0.5602 
-0.4130, 2.2998, 8.9468, 0.2834, -0.0043, 0.4823 
-0.5238, 2.2591, 8.9372, 0.2045, 0.0595, 0.4201 
-0.6866, 2.2286, 8.9833, 0.1272, 0.0787, 0.3733 
-0.8488, 2.2478, 9.0725, 0.0509, 0.0474, 0.3486 
-0.9590, 2.3190, 9.1682, -0.0245, -0.0210, 0.3497 
-0.9769, 2.4471, 9.2401, -0.1053, -0.1039, 0.3847 
-0.8931, 2.6081, 9.2467, -0.1932, -0.1501, 0.4555 
-0.7680, 2.7027, 9.2598, -0.2896, -0.1441, 0.5489 
-0.6962, 2.6590, 9.3119, -0.3830, -0.1163, 0.6397 
-0.6932, 2.4980, 9.4017, -0.5224, -0.1719, 0.7183 
-0.6968, 2.2951, 9.4897, -0.5610, -0.2775, 0.6947 
-0.6788, 2.0945, 9.5699, -0.5882, -0.4037, 0.6418 
-0.6489, 1.9299, 9.6405, -0.6116, -0.5217, 0.5678 
-0.6357, 1.7982, 9.7142, -0.6299, -0.6349, 0.4778 
-0.6734, 1.6707, 9.7680, -0.6351, -0.7440, 0.3819 
-0.7429, 1.5558, 9.7734, -0.6255, -0.8291, 0.2980 
-0.7973, 1.4750, 9.7357, -0.6066, -0.8735, 0.2445 
-0.8183, 1.4893, 9.6034, -0.5822, -0.8682, 0.2250 
-0.8033, 1.5450, 9.4915, -0.5599, -0.8058, 0.2382 
-0.7836, 1.5528, 9.4095, -0.5420, -0.6810, 0.2758 
-0.7770, 1.5300, 9.3801, -0.5365, -0.5207, 0.3350 
-0.7662, 1.5157, 9.3718, -0.5380, -0.3649, 0.4101 
-0.7626, 1.5109, 9.3448, -0.5353, -0.2362, 0.4927 
-0.7626, 1.4995, 9.3418, -0.5231, -0.1461, 0.5758 
-0.7740, 1.4540, 9.4256, -0.5022, -0.1129, 0.6516 
-0.7315, 1.4145, 9.5639, -0.4800, -0.1426, 0.7110 
-0.5980, 1.4217, 9.7064, -0.4634, -0.2201, 0.7554 
-0.4286, 1.4396, 9.8447, -0.4554, -0.3189, 0.7857 
-0.2843, 1.4001, 9.9985, -0.4524, -0.4289, 0.7920 
-0.1802, 1.2882, 10.1613, -0.4524, -0.5605, 0.7675 
-0.1048, 1.1014, 10.2912, -0.4494, -0.7088, 0.7068 
-0.0210, 0.9123, 10.3768, -0.4444, -0.8553, 0.6185 
0.1036, 0.7854, 10.3619, -0.4332, -0.9686, 0.5179 
0.2688, 0.7447, 10.1871, -0.4125, -1.0122, 0.4237 
0.4903, 0.7501, 9.9021, -0.3739, -0.9496, 0.3450 
0.7022, 0.7387, 9.6950, -0.3193, -0.7895, 0.2896 
0.8632, 0.7363, 9.6148, -0.2597, -0.5966, 0.2574 
0.9416, 0.7441, 9.6190, -0.1999, -0.4264, 0.2368 
0.9248, 0.7477, 9.6603, -0.1433, -0.3009, 0.2117 
0.8434, 0.7231, 9.7052, -0.0921, -0.2100, 0.1735 
0.7183, 0.6806, 9.7734, -0.0501, -0.1467, 0.1249 
0.5447, 0.6651, 9.8674, -0.0188, -0.1124, 0.0740 
0.3837, 0.7111, 9.8932, 0.0028, -0.1182, 0.0318 
0.2466, 0.7878, 9.8806, 0.0272, -0.1360, 0.0105 
0.0892, 0.8351, 9.8979, 0.0523, -0.1518, 0.0073 
-0.0868, 0.8650, 9.9003, 0.0772, -0.1806, 0.0230 
-0.2263, 0.8943, 9.8949, 0.1091, -0.2214, 0.0546 
-0.3304, 0.9153, 9.8914, 0.1422, -0.2678, 0.1004 
-0.3669, 0.9027, 9.8638, 0.1775, -0.3080, 0.1627 
-0.3274, 0.8692, 9.8399, 0.2109, -0.3354, 0.2390 
-0.2359, 0.8231, 9.7824, 0.2394, -0.3408, 0.3219 
-0.1371, 0.7542, 9.7866, 0.2597, -0.3188, 0.4008 
0.0174, 0.6860, 9.8710, 0.2607, -0.2816, 0.4603 
0.2676, 0.6818, 9.9494, 0.2364, -0.2372, 0.5060 
0.5836, 0.7189, 9.9177, 0.1898, -0.1467, 0.5362 
0.8392, 0.6938, 9.8674, 0.1401, -0.0011, 0.5401 
0.9500, 0.5836, 9.9051, 0.1020, 0.1431, 0.5019 
0.9488, 0.4472, 10.0500, 0.0739, 0.2175, 0.4229 
0.8835, 0.3113, 10.2308, 0.0563, 0.1996, 0.3137 
0.7860, 0.2185, 10.3720, 0.0478, 0.1077, 0.1977 
0.6507, 0.1598, 10.4702, 0.0487, -0.0254, 0.0806 
0.5046, 0.1233, 10.5091, 0.0577, -0.1695, -0.0297 
0.3215, 0.1371, 10.5139, 0.0715, -0.3120, -0.1249 
0.1532, 0.1844, 10.4325, 0.0913, -0.4404, -0.1956 
0.0239, 0.2682, 10.2757, 0.1169, -0.5285, -0.2381 
-0.0593, 0.3879, 10.0733, 0.1482, -0.5548, -0.2441 
-0.1077, 0.5220, 9.8369, 0.1767, -0.5137, -0.2133 
-0.1479, 0.6716, 9.5980, 0.2075, -0.4171, -0.1470 
-0.2029, 0.7842, 9.4137, 0.2428, -0.3001, -0.0561 
-0.2706, 0.8452, 9.2826, 0.2816, -0.2028, 0.0471 
-0.3155, 0.8710, 9.2012, 0.3213, -0.1390, 0.1538 
-0.3358, 0.8931, 9.1377, 0.3535, -0.1092, 0.2574 
-0.3466, 0.8907, 9.1096, 0.3730, -0.0995, 0.3474 
-0.3143, 0.8536, 9.1497, 0.3727, -0.1051, 0.4175 
-0.2035, 0.8159, 9.2658, 0.3397, -0.1206, 0.4714 
-0.0156, 0.8261, 9.3257, 0.2675, -0.1334, 0.5139 
0.1742, 0.8440, 9.3227, 0.1772, -0.1101, 0.5394 
0.2837, 0.7710, 9.3269, 0.0863, -0.0633, 0.5378 
0.3256, 0.5806, 9.4113, 0.0051, -0.0425, 0.5032 
0.3556, 0.3520, 9.5232, -0.0698, -0.0719, 0.4434 
0.3939, 0.2041, 9.5837, -0.1425, -0.1225, 0.3686 
0.4406, 0.1682, 9.6088, -0.2092, -0.1539, 0.2930 
0.4478, 0.1760, 9.6178, -0.2682, -0.1614, 0.2236 
0.3843, 0.1520, 9.6214, -0.3177, -0.1589, 0.1642 
0.2688, 0.1101, 9.6381, -0.3565, -0.1602, 0.1080 
0.1694, 0.0946, 9.6531, -0.3820, -0.1739, 0.0712 
0.1072, 0.1173, 9.6411, -0.3971, -0.1898, 0.0571 
0.0635, 0.1556, 9.5933, -0.4028, -0.1928, 0.0728 
-0.0048, 0.1850, 9.5208, -0.3940, -0.1747, 0.1108 
-0.0922, 0.1718, 9.4819, -0.3743, -0.1450, 0.1622 
-0.1790, 0.1455, 9.4586, -0.3506, -0.1224, 0.2220 
-0.2245, 0.1365, 9.4065, -0.3258, -0.1064, 0.2864 
-0.2646, 0.1311, 9.3293, -0.2999, -0.0822, 0.3525 
-0.3340, 0.1113, 9.3317, -0.2703, -0.0546, 0.4117 
-0.4112, 0.0832, 9.4191, -0.2456, -0.0555, 0.4590 
-0.4573, 0.0730, 9.5053, -0.2292, -0.0936, 0.4967 
-0.4460, 0.1072, 9.5388, -0.2197, -0.1389, 0.5299 
-0.3651, 0.1275, 9.5675, -0.2117, -0.1617, 0.5619 
-0.2502, 0.1197, 9.5478, -0.2020, -0.1678, 0.6016 
-0.1778, 0.0880, 9.4807, -0.1846, -0.1498, 0.6412 
-0.1526, 0.0233, 9.4328, -0.1566, -0.1197, 0.6650 
-0.1179, -0.0575, 9.4071, -0.1159, -0.1048, 0.6709 
-0.0551, -0.1299, 9.3801, -0.0660, -0.1000, 0.6653 
0.0323, -0.1676, 9.3203, -0.0144, -0.0847, 0.6582 
0.1251, -0.1826, 9.2904, 0.0362, -0.0557, 0.6529 
0.1664, -0.1784, 9.2910, 0.0847, -0.0280, 0.6482 
0.1520, -0.1832, 9.3215, 0.1308, -0.0249, 0.6416 
0.1245, -0.1933, 9.3436, 0.1782, -0.0590, 0.6335 
0.0958, -0.1916, 9.3688, 0.2206, -0.1185, 0.6289 
0.0922, -0.1945, 9.3933, 0.2567, -0.1851, 0.6275 
0.0880, -0.2041, 9.4448, 0.2782, -0.2368, 0.6319 
0.1083, -0.1945, 9.4927, 0.2764, -0.2633, 0.6382 
0.1419, -0.1706, 9.5537, 0.2577, -0.2518, 0.6502 
0.1880, -0.1520, 9.5885, 0.2225, -0.2144, 0.6699 
0.2101, -0.1538, 9.6022, 0.1795, -0.1514, 0.6942 
0.2119, -0.1724, 9.6441, 0.1389, -0.0820, 0.7197 
0.2113, -0.1700, 9.6866, 0.1048, -0.0336, 0.7492 
0.2251, -0.1485, 9.7249, 0.0831, -0.0100, 0.7783 
0.2550, -0.1407, 9.7249, 0.0706, -0.0025, 0.8038 
0.3053, -0.1862, 9.7148, 0.0679, 0.0123, 0.8237 
0.3376, -0.2556, 9.7148, 0.0746, 0.0253, 0.8340 
0.3663, -0.3424, 9.7052, 0.0921, 0.0248, 0.8340 
0.3795, -0.4555, 9.6938, 0.1233, 0.0057, 0.8239 
0.3717, -0.5597, 9.7124, 0.1606, -0.0253, 0.8099 
0.3580, -0.6196, 9.7489, 0.1955, -0.0619, 0.7934 
0.3687, -0.6273, 9.7208, 0.2201, -0.0876, 0.7806 
0.3915, -0.6040, 9.6729, 0.2352, -0.0744, 0.7774 
0.3981, -0.5699, 9.6262, 0.2394, -0.0242, 0.7835 
0.3813, -0.5154, 9.6393, 0.2374, 0.0305, 0.8023 
0.3831, -0.4537, 9.7028, 0.2308, 0.0583, 0.8329 
0.4148, -0.3454, 9.7184, 0.2113, 0.0453, 0.9271 
0.4777, -0.2562, 9.7004, 0.1896, 0.0815, 0.9680 
0.5531, -0.2029, 9.6669, 0.1581, 0.1641, 0.9857 
0.5747, -0.2215, 9.6926, 0.1181, 0.2442, 0.9818 
0.5573, -0.2975, 9.7788, 0.0819, 0.2903, 0.9596 
0.5172, -0.3999, 9.8524, 0.0569, 0.3009, 0.9349 
0.5286, -0.4705, 9.8423, 0.0466, 0.3143, 0.9186 
0.5328, -0.5166, 9.7722, 0.0565, 0.3195, 0.9056 
0.4484, -0.5872, 9.8028, 0.0828, 0.2615, 0.9035 
0.3616, -0.5699, 9.9195, 0.1176, 0.1703, 0.9204 
0.4430, -0.4741, 9.8926, 0.1581, 0.0799, 0.9614 
0.6088, -0.3454, 9.8046, 0.1943, 0.0521, 1.0265 
0.7327, -0.2616, 9.7794, 0.2209, 0.0917, 1.1042 
0.7979, -0.2424, 9.8363, 0.2401, 0.1285, 1.1680 
0.8596, -0.2257, 9.9195, 0.2511, 0.1248, 1.2091 
0.9344, -0.2305, 10.0051, 0.2533, 0.0979, 1.2231 
1.0296, -0.2209, 10.0805, 0.2408, 0.0722, 1.2130 
1.1212, -0.1736, 10.1619, 0.2153, 0.0654, 1.1865 
1.1888, -0.1077, 10.2296, 0.1766, 0.0795, 1.1461 
1.1984, -0.0784, 10.3265, 0.1376, 0.0923, 1.0977 
1.1667, -0.1030, 10.4157, 0.1068, 0.0684, 1.0467 
1.1308, -0.1413, 10.4343, 0.0936, 0.0172, 1.0019 
1.1074, -0.1730, 10.3756, 0.0955, -0.0244, 0.9672 
1.0978, -0.1742, 10.2691, 0.1092, -0.0313, 0.9455 
1.0649, -0.1233, 10.1865, 0.1358, -0.0048, 0.9452 
1.0110, -0.0605, 10.1512, 0.1748, 0.0198, 0.9628 
0.9428, -0.0186, 10.1727, 0.2193, 0.0213, 0.9917 
0.8776, 0.0299, 10.2068, 0.2637, 0.0000, 1.0281 
0.8560, 0.0976, 10.1960, 0.3061, -0.0300, 1.0685 
0.8542, 0.1652, 10.1565, 0.3488, -0.0474, 1.1092 
0.8776, 0.1910, 10.1290, 0.3914, -0.0494, 1.1476 
0.8853, 0.1892, 10.1338, 0.4377, -0.0514, 1.1818 
0.9045, 0.1928, 10.1488, 0.4795, -0.0766, 1.2111 
0.9548, 0.1945, 10.1128, 0.5235, -0.1131, 1.2316 
1.0392, 0.1874, 10.0524, 0.5678, -0.1349, 1.2403 
1.1487, 0.1670, 9.9440, 0.6012, -0.1129, 1.2392 
1.2637, 0.1287, 9.8489, 0.6183, -0.0352, 1.2250 
1.3145, 0.1083, 9.8088, 0.6127, 0.0800, 1.1962 
1.3074, 0.1137, 9.8231, 0.5883, 0.1953, 1.1560 
1.2936, 0.1556, 9.8046, 0.5564, 0.2840, 1.1124 
1.2505, 0.2149, 9.7680, 0.5232, 0.3392, 1.0770 
1.1858, 0.2807, 9.7267, 0.4986, 0.3534, 1.0556 
1.0931, 0.3681, 9.7070, 0.4787, 0.3223, 1.0497 
1.0033, 0.4771, 9.7016, 0.4610, 0.2506, 1.0530 
0.9147, 0.5842, 9.7124, 0.4401, 0.1482, 1.0670 
0.8357, 0.6854, 9.7064, 0.4140, 0.0349, 1.0842 
0.7668, 0.7417, 9.7076, 0.3814, -0.0700, 1.1007 
0.6974, 0.7926, 9.7429, 0.3370, -0.1441, 1.1160 
0.6172, 0.8835, 9.8321, 0.2731, -0.1775, 1.1242 
0.7058, 0.9823, 9.7740, 0.1896, -0.1790, 1.1337 
0.7997, 1.0021, 9.6878, 0.1087, -0.1312, 1.1641 
0.8213, 1.0164, 9.5843, 0.0360, -0.0403, 1.1945 
0.8333, 0.9572, 9.5669, -0.0194, 0.0490, 1.2074 
0.8476, 0.8500, 9.6064, -0.0571, 0.0852, 1.2100 
0.8967, 0.7447, 9.6112, -0.0766, 0.0542, 1.2095 
0.9715, 0.6531, 9.5813, -0.0819, 0.0043, 1.2053 
1.0553, 0.6154, 9.5322, -0.0836, -0.0160, 1.1946 
1.1565, 0.6237, 9.5334, -0.0941, 0.0103, 1.1762 
1.2541, 0.6668, 9.6196, -0.1132, 0.0509, 1.1557 
1.3349, 0.7064, 9.7303, -0.1389, 0.0758, 1.1331 
1.3959, 0.6950, 9.8249, -0.1691, 0.0848, 1.1046 
1.4642, 0.6351, 9.8788, -0.1988, 0.1003, 1.0676 
1.5175, 0.5795, 9.9129, -0.2250, 0.1274, 1.0241 
1.5414, 0.5549, 9.9231, -0.2460, 0.1562, 0.9818 
1.5366, 0.5531, 9.9357, -0.2549, 0.1743, 0.9444 
1.5031, 0.5304, 9.9626, -0.2534, 0.1683, 0.9122 
1.4205, 0.4639, 9.9877, -0.2450, 0.1439, 0.8851 
1.2990, 0.4118, 10.0093, -0.2308, 0.1032, 0.8604 
1.1745, 0.3921, 10.0021, -0.2056, 0.0507, 0.8434 
1.0685, 0.3969, 9.9865, -0.1711, -0.0033, 0.8428 
1.0146, 0.4370, 9.9147, -0.1313, -0.0377, 0.8618 
1.0206, 0.5136, 9.8393, -0.0903, -0.0399, 0.9068 
1.0344, 0.5938, 9.8165, -0.0482, -0.0208, 0.9698 
1.0338, 0.6567, 9.8171, -0.0121, 0.0013, 1.0364 
1.0158, 0.6812, 9.7986, 0.0133, 0.0274, 1.0897 
1.0009, 0.6639, 9.8255, 0.0330, 0.0602, 1.1159 
1.0206, 0.6315, 9.8686, 0.0463, 0.0860, 1.1250 
1.0775, 0.6447, 9.8644, 0.0550, 0.1048, 1.1266 
1.1439, 0.6776, 9.8177, 0.0702, 0.1222, 1.1259 
1.1924, 0.6692, 9.8052, 0.1008, 0.1270, 1.1235 
1.2170, 0.6309, 9.8165, 0.1397, 0.1016, 1.1183 
1.2415, 0.5842, 9.7962, 0.1790, 0.0570, 1.1067 
1.2523, 0.5639, 9.7657, 0.2136, 0.0232, 1.0899 
1.2373, 0.5783, 9.7309, 0.2405, 0.0117, 1.0700 
1.1996, 0.6231, 9.7106, 0.2565, 0.0104, 1.0521 
1.1715, 0.6842, 9.7016, 0.2590, 0.0117, 1.0487 
1.1715, 0.7129, 9.6298, 0.2489, 0.0317, 1.0594 
1.1757, 0.6728, 9.5232, 0.2309, 0.0828, 1.0843 
1.1637, 0.6004, 9.3951, 0.2063, 0.1638, 1.1154 
1.1194, 0.5495, 9.3143, 0.1739, 0.2678, 1.1436 
1.0302, 0.5411, 9.3299, 0.1346, 0.3606, 1.1670 
0.9290, 0.5777, 9.4418, 0.0876, 0.4056, 1.1881 
0.8213, 0.6513, 9.6364, 0.0334, 0.3783, 1.2119 
0.7507, 0.7626, 9.8046, -0.0252, 0.2778, 1.2399 
0.7351, 0.8428, 9.8842, -0.0790, 0.1469, 1.2678 
0.7441, 0.8446, 9.9045, -0.1225, 0.0350, 1.2939 
0.7255, 0.7872, 9.8489, -0.1550, -0.0487, 1.3069 
0.6932, 0.6950, 9.7842, -0.1686, -0.1059, 1.3050 
0.6279, 0.5878, 9.7303, -0.1682, -0.1449, 1.2918 
0.5549, 0.4938, 9.6962, -0.1647, -0.1649, 1.2778 
0.4777, 0.4400, 9.6166, -0.1679, -0.1501, 1.2746 
0.3915, 0.4160, 9.5346, -0.1748, -0.0941, 1.2879 
0.3286, 0.4065, 9.4663, -0.1811, -0.0127, 1.3262 
0.3580, 0.4549, 9.4155, -0.1862, 0.0712, 1.3961 
0.4753, 0.5178, 9.3388, -0.1948, 0.1731, 1.4961 
0.6148, 0.5549, 9.2975, -0.2109, 0.3135, 1.6131 
0.7686, 0.5615, 9.3700, -0.2354, 0.4745, 1.7248 
0.9614, 0.5878, 9.5627, -0.2658, 0.5864, 1.8195 
1.1565, 0.6010, 9.8058, -0.2896, 0.6003, 1.8869 
1.3289, 0.5507, 10.0135, -0.2948, 0.5084, 1.9059 
1.4833, 0.4178, 10.1176, -0.2771, 0.3519, 1.8681 
1.6486, 0.2556, 10.1446, -0.2365, 0.1875, 1.7784 
1.8263, 0.0898, 10.0979, -0.1767, 0.0473, 1.6627 
1.9538, -0.0204, 10.0165, -0.1076, -0.0519, 1.5475 
2.0131, -0.0892, 9.9285, -0.0374, -0.1053, 1.4419 
1.9790, -0.1215, 9.8638, 0.0240, -0.1120, 1.3375 
1.8623, -0.1347, 9.8189, 0.0696, -0.0871, 1.2400 
1.6803, -0.1119, 9.7668, 0.1025, -0.0451, 1.1582 
1.4762, -0.0593, 9.7040, 0.1242, 0.0037, 1.1047 
1.2810, 0.0359, 9.6759, 0.1380, 0.0559, 1.0883 
1.1236, 0.1568, 9.7417, 0.1384, 0.1043, 1.1132 
1.0368, 0.3400, 9.8471, 0.1139, 0.1446, 1.1752 
1.0392, 0.5908, 9.9249, 0.0662, 0.1768, 1.2636 
1.0410, 0.7524, 9.9686, 0.0119, 0.2101, 1.3600 
1.0033, 0.6944, 9.9811, -0.0364, 0.2422, 1.4304 
0.9075, 0.4891, 10.0201, -0.0694, 0.2523, 1.4525 
0.8512, 0.2969, 10.0709, -0.0842, 0.2184, 1.4263 
0.8800, 0.2029, 10.0590, -0.0798, 0.1481, 1.3829 
0.9715, 0.1610, 9.9722, -0.0549, 0.0806, 1.3469 
1.0745, 0.1281, 9.8177, 0.0212, 0.0895, 1.3151 
1.1080, 0.0838, 9.6938, 0.0706, 0.1301, 1.3091 
1.0625, 0.0521, 9.6549, 0.1156, 0.1426, 1.3039 
0.9727, 0.0575, 9.6699, 0.1515, 0.1314, 1.3025 
0.8847, 0.1048, 9.6753, 0.1732, 0.1270, 1.3112 
0.8476, 0.1826, 9.6531, 0.1844, 0.1366, 1.3331 
0.8680, 0.2855, 9.6220, 0.1843, 0.1583, 1.3697 
0.9380, 0.4017, 9.6178, 0.1690, 0.1824, 1.4115 
1.0314, 0.5070, 9.6585, 0.1418, 0.1856, 1.4452 
1.1230, 0.5723, 9.7237, 0.1132, 0.1557, 1.4619 
1.4157, 0.6351, 9.8387, 0.0868, 0.1071, 1.4761 
1.7090, 0.5956, 9.9704, 0.0682, -0.0009, 1.4476 
1.8994, 0.6034, 9.9656, 0.0493, -0.1260, 1.4158 
2.0909, 0.5735, 10.0141, 0.0286, -0.2136, 1.3521 
2.2532, 0.5441, 9.9722, 0.0001, -0.2782, 1.2720 
2.4040, 0.5088, 9.9219, -0.0304, -0.3007, 1.1794 
2.4698, 0.4561, 9.8495, -0.0629, -0.2878, 1.0877 
2.4303, 0.3646, 9.7788, -0.0967, -0.2366, 0.9905 
2.3154, 0.2604, 9.7573, -0.1258, -0.1772, 0.8883 
2.1670, 0.2035, 9.7447, -0.1545, -0.1337, 0.7948 
1.9844, 0.1826, 9.7184, -0.1806, -0.0767, 0.7213 
1.8060, 0.1939, 9.7016, -0.1961, -0.0326, 0.6795 
1.6923, 0.2496, 9.6381, -0.1979, -0.0049, 0.6837 
1.6551, 0.3232, 9.5053, -0.1863, 0.0292, 0.7336 
1.6695, 0.4071, 9.4244, -0.1663, 0.0884, 0.8164 
1.6114, 0.3909, 9.4502, -0.1409, 0.1365, 0.9060 
1.6653, 0.4047, 9.5364, -0.1123, 0.1471, 0.9625 
1.8916, 0.5765, 9.4909, -0.0915, 0.1461, 1.0219 
1.9515, 0.5860, 9.7992, -0.0842, 0.1613, 1.0506 
2.1322, 0.5537, 9.8507, -0.0551, -0.0116, 1.0487 
2.3382, 0.5693, 9.7662, -0.0113, -0.1673, 1.0114 
2.5650, 0.5226, 9.6256, 0.0336, -0.2429, 0.9477 
2.6321, 0.3765, 9.5591, 0.0723, -0.2631, 0.8709 
2.6069, 0.2520, 9.5238, 0.1076, -0.2855, 0.7762 
2.5525, 0.1652, 9.5531, 0.1366, -0.3173, 0.6725 
2.4890, 0.1335, 9.5597, 0.1621, -0.3622, 0.5715 
2.4046, 0.1299, 9.5130, 0.1846, -0.3796, 0.4898 
2.3340, 0.1233, 9.4735, 0.2084, -0.3581, 0.4349 
2.2771, 0.1748, 9.4657, 0.2297, -0.3109, 0.4128 
2.2813, 0.3059, 9.4322, 0.2458, -0.2490, 0.4282 
2.2514, 0.3891, 9.4783, 0.2610, -0.1839, 0.4714 
2.3304, 0.4418, 9.4969, 0.2824, -0.1594, 0.5285 
2.2753, 0.3663, 9.6262, 0.3073, -0.1581, 0.5799 
2.1909, 0.3436, 9.6854, 0.3370, -0.2060, 0.6018 
2.1693, 0.2430, 9.7806, 0.3705, -0.2879, 0.5831 
2.2328, 0.1826, 9.6435, 0.4032, -0.3573, 0.5474 
2.2537, 0.1862, 9.5615, 0.4209, -0.2951, 0.5036 
2.2160, 0.2215, 9.5968, 0.4235, -0.1984, 0.4583 
2.1017, 0.2993, 9.6423, 0.4124, -0.1153, 0.4195 
1.9407, 0.3825, 9.7435, 0.3912, -0.0615, 0.3854 
1.7701, 0.4603, 9.8495, 0.3686, -0.0627, 0.3619 
1.6695, 0.5130, 9.8495, 0.3515, -0.1015, 0.3575 
1.5929, 0.5651, 9.8303, 0.3412, -0.1487, 0.3701 
1.5181, 0.6231, 9.7507, 0.3385, -0.1804, 0.3951 
1.4666, 0.6525, 9.6190, 0.3468, -0.1866, 0.4185 
1.4684, 0.5998, 9.5789, 0.3629, -0.1854, 0.4342 
1.4947, 0.5142, 9.5118, 0.3714, -0.1742, 0.4406 
1.4929, 0.3538, 9.5184, 0.3741, -0.1555, 0.4372 
1.4977, 0.3526, 9.5160, 0.3738, -0.1744, 0.4404 
1.1775, 0.3723, 9.7591, 0.3678, -0.1874, 0.4426 
1.2218, 0.4753, 9.8758, 0.3609, -0.3527, 0.4243 
1.3732, 0.6022, 9.7285, 0.3310, -0.5072, 0.4298 
1.6533, 0.6716, 9.4807, 0.2874, -0.5173, 0.4481 
1.8431, 0.6896, 9.2969, 0.2377, -0.4147, 0.4727 
1.8772, 0.6686, 9.3305, 0.1984, -0.3205, 0.4847 
1.8461, 0.6555, 9.4544, 0.1714, -0.3406, 0.4796 
1.8371, 0.7171, 9.4765, 0.1602, -0.4610, 0.4669 
1.9317, 0.8686, 9.3933, 0.1629, -0.5809, 0.4508 
2.1430, 0.9829, 9.3353, 0.1679, -0.6263, 0.4260 
2.3094, 1.0206, 9.3299, 0.1591, -0.5940, 0.3934 
2.3813, 1.0146, 9.3861, 0.1332, -0.5260, 0.3397 
2.4321, 0.9548, 9.4376, 0.0924, -0.4566, 0.2635 
2.4842, 0.8835, 9.4209, 0.0431, -0.3747, 0.1782 
2.5303, 0.8339, 9.3598, -0.0130, -0.2618, 0.0943 
2.5674, 0.8003, 9.2993, -0.0703, -0.1248, 0.0205 
2.5560, 0.7489, 9.2658, -0.1217, 0.0140, -0.0384 
2.4579, 0.6692, 9.2910, -0.1638, 0.1188, -0.0860 
2.3118, 0.5789, 9.3790, -0.1918, 0.1553, -0.1221 
2.1723, 0.5160, 9.4460, -0.2031, 0.1261, -0.1418 
2.0484, 0.4687, 9.4951, -0.1948, 0.0503, -0.1380 
1.9323, 0.4328, 9.5352, -0.1748, -0.0453, -0.1076 
1.8407, 0.4082, 9.5621, -0.1469, -0.1356, -0.0555 
1.8000, 0.4280, 9.5986, -0.1193, -0.2105, 0.0182 
1.7886, 0.5214, 9.6016, -0.0967, -0.2742, 0.1079 
1.8126, 0.6531, 9.5466, -0.0756, -0.3155, 0.1976 
1.9024, 0.6926, 9.5136, -0.0573, -0.3077, 0.2614 
1.9604, 0.6411, 9.5322, -0.0529, -0.2561, 0.2830 
1.9874, 0.5609, 9.5843, -0.0581, -0.1890, 0.2587 
2.0317, 0.5310, 9.6298, -0.0699, -0.1244, 0.1976 
2.0598, 0.5573, 9.6423, -0.0909, -0.0529, 0.1229 
2.0161, 0.5836, 9.6585, -0.1128, 0.0314, 0.0459 
1.8904, 0.5639, 9.7387, -0.1300, 0.0984, -0.0288 
1.7419, 0.5088, 9.8183, -0.1450, 0.1226, -0.0892 
1.6234, 0.4759, 9.8171, -0.1519, 0.1182, -0.1249 
